2.400300000000000000e+04 2.400400000000000000e+04 2.400500000000000000e+04 2.400600000000000000e+04 2.400700000000000000e+04 2.400800000000000000e+04 2.400900000000000000e+04 2.401000000000000000e+04 2.401100000000000000e+04 2.401200000000000000e+04
2.500300000000000000e+04 2.500400000000000000e+04 2.500500000000000000e+04 2.500600000000000000e+04 2.500700000000000000e+04 2.500800000000000000e+04 2.500900000000000000e+04 2.501000000000000000e+04 2.501100000000000000e+04 2.501200000000000000e+04
2.600300000000000000e+04 2.600400000000000000e+04 2.600500000000000000e+04 2.600600000000000000e+04 2.600700000000000000e+04 2.600800000000000000e+04 2.600900000000000000e+04 2.601000000000000000e+04 2.601100000000000000e+04 2.601200000000000000e+04
2.700300000000000000e+04 2.700400000000000000e+04 2.700500000000000000e+04 2.700600000000000000e+04 2.700700000000000000e+04 2.700800000000000000e+04 2.700900000000000000e+04 2.701000000000000000e+04 2.701100000000000000e+04 2.701200000000000000e+04
2.900300000000000000e+04 2.900400000000000000e+04 2.900500000000000000e+04 2.900600000000000000e+04 2.900700000000000000e+04 2.900800000000000000e+04 2.900900000000000000e+04 2.901000000000000000e+04 2.901100000000000000e+04 2.901200000000000000e+04
3.000300000000000000e+04 3.000400000000000000e+04 3.000500000000000000e+04 3.000600000000000000e+04 3.000700000000000000e+04 3.000800000000000000e+04 3.000900000000000000e+04 3.001000000000000000e+04 3.001100000000000000e+04 3.001200000000000000e+04
3.100300000000000000e+04 3.100400000000000000e+04 3.100500000000000000e+04 3.100600000000000000e+04 3.100700000000000000e+04 3.100800000000000000e+04 3.100900000000000000e+04 3.101000000000000000e+04 3.101100000000000000e+04 3.101200000000000000e+04
3.200300000000000000e+04 3.200400000000000000e+04 3.200500000000000000e+04 3.200600000000000000e+04 3.200700000000000000e+04 3.200800000000000000e+04 3.200900000000000000e+04 3.201000000000000000e+04 3.201100000000000000e+04 3.201200000000000000e+04
3.300300000000000000e+04 3.300400000000000000e+04 3.300500000000000000e+04 3.300600000000000000e+04 3.300700000000000000e+04 3.300800000000000000e+04 3.300900000000000000e+04 3.301000000000000000e+04 3.301100000000000000e+04 3.301200000000000000e+04
3.400300000000000000e+04 3.400400000000000000e+04 3.400500000000000000e+04 3.400600000000000000e+04 3.400700000000000000e+04 3.400800000000000000e+04 3.400900000000000000e+04 3.401000000000000000e+04 3.401100000000000000e+04 3.401200000000000000e+04
