3.503500000000000000e+04 3.503600000000000000e+04 3.503700000000000000e+04 3.503800000000000000e+04 3.503900000000000000e+04 3.504000000000000000e+04 3.504100000000000000e+04 3.504200000000000000e+04 3.504300000000000000e+04 3.504400000000000000e+04
3.603500000000000000e+04 3.603600000000000000e+04 3.603700000000000000e+04 3.603800000000000000e+04 3.603900000000000000e+04 3.604000000000000000e+04 3.604100000000000000e+04 3.604200000000000000e+04 3.604300000000000000e+04 3.604400000000000000e+04
3.703500000000000000e+04 3.703600000000000000e+04 3.703700000000000000e+04 3.703800000000000000e+04 3.703900000000000000e+04 3.704000000000000000e+04 3.704100000000000000e+04 3.704200000000000000e+04 3.704300000000000000e+04 3.704400000000000000e+04
3.803500000000000000e+04 3.803600000000000000e+04 3.803700000000000000e+04 3.803800000000000000e+04 3.803900000000000000e+04 3.804000000000000000e+04 3.804100000000000000e+04 3.804200000000000000e+04 3.804300000000000000e+04 3.804400000000000000e+04
3.903500000000000000e+04 3.903600000000000000e+04 3.903700000000000000e+04 3.903800000000000000e+04 3.903900000000000000e+04 3.904000000000000000e+04 3.904100000000000000e+04 3.904200000000000000e+04 3.904300000000000000e+04 3.904400000000000000e+04
4.003500000000000000e+04 4.003600000000000000e+04 4.003700000000000000e+04 4.003800000000000000e+04 4.003900000000000000e+04 4.004000000000000000e+04 4.004100000000000000e+04 4.004200000000000000e+04 4.004300000000000000e+04 4.004400000000000000e+04
4.103500000000000000e+04 4.103600000000000000e+04 4.103700000000000000e+04 4.103800000000000000e+04 4.103900000000000000e+04 4.104000000000000000e+04 4.104100000000000000e+04 4.104200000000000000e+04 4.104300000000000000e+04 4.104400000000000000e+04
4.203500000000000000e+04 4.203600000000000000e+04 4.203700000000000000e+04 4.203800000000000000e+04 4.203900000000000000e+04 4.204000000000000000e+04 4.204100000000000000e+04 4.204200000000000000e+04 4.204300000000000000e+04 4.204400000000000000e+04
4.303500000000000000e+04 4.303600000000000000e+04 4.303700000000000000e+04 4.303800000000000000e+04 4.303900000000000000e+04 4.304000000000000000e+04 4.304100000000000000e+04 4.304200000000000000e+04 4.304300000000000000e+04 4.304400000000000000e+04
4.403500000000000000e+04 4.403600000000000000e+04 4.403700000000000000e+04 4.403800000000000000e+04 4.403900000000000000e+04 4.404000000000000000e+04 4.404100000000000000e+04 4.404200000000000000e+04 4.404300000000000000e+04 4.404400000000000000e+04
