3.505500000000000000e+04 3.505700000000000000e+04 3.505800000000000000e+04 3.505900000000000000e+04 3.506000000000000000e+04 3.506200000000000000e+04 3.506300000000000000e+04 3.506400000000000000e+04 3.506500000000000000e+04
3.605500000000000000e+04 3.605700000000000000e+04 3.605800000000000000e+04 3.605900000000000000e+04 3.606000000000000000e+04 3.606200000000000000e+04 3.606300000000000000e+04 3.606400000000000000e+04 3.606500000000000000e+04
3.705500000000000000e+04 3.705700000000000000e+04 3.705800000000000000e+04 3.705900000000000000e+04 3.706000000000000000e+04 3.706200000000000000e+04 3.706300000000000000e+04 3.706400000000000000e+04 3.706500000000000000e+04
3.805500000000000000e+04 3.805700000000000000e+04 3.805800000000000000e+04 3.805900000000000000e+04 3.806000000000000000e+04 3.806200000000000000e+04 3.806300000000000000e+04 3.806400000000000000e+04 3.806500000000000000e+04
3.905500000000000000e+04 3.905700000000000000e+04 3.905800000000000000e+04 3.905900000000000000e+04 3.906000000000000000e+04 3.906200000000000000e+04 3.906300000000000000e+04 3.906400000000000000e+04 3.906500000000000000e+04
4.005500000000000000e+04 4.005700000000000000e+04 4.005800000000000000e+04 4.005900000000000000e+04 4.006000000000000000e+04 4.006200000000000000e+04 4.006300000000000000e+04 4.006400000000000000e+04 4.006500000000000000e+04
4.105500000000000000e+04 4.105700000000000000e+04 4.105800000000000000e+04 4.105900000000000000e+04 4.106000000000000000e+04 4.106200000000000000e+04 4.106300000000000000e+04 4.106400000000000000e+04 4.106500000000000000e+04
4.205500000000000000e+04 4.205700000000000000e+04 4.205800000000000000e+04 4.205900000000000000e+04 4.206000000000000000e+04 4.206200000000000000e+04 4.206300000000000000e+04 4.206400000000000000e+04 4.206500000000000000e+04
4.305500000000000000e+04 4.305700000000000000e+04 4.305800000000000000e+04 4.305900000000000000e+04 4.306000000000000000e+04 4.306200000000000000e+04 4.306300000000000000e+04 4.306400000000000000e+04 4.306500000000000000e+04
4.405500000000000000e+04 4.405700000000000000e+04 4.405800000000000000e+04 4.405900000000000000e+04 4.406000000000000000e+04 4.406200000000000000e+04 4.406300000000000000e+04 4.406400000000000000e+04 4.406500000000000000e+04
