3.504500000000000000e+04 3.504600000000000000e+04 3.504700000000000000e+04 3.504800000000000000e+04 3.504900000000000000e+04 3.505000000000000000e+04 3.505100000000000000e+04 3.505200000000000000e+04 3.505300000000000000e+04 3.505400000000000000e+04
3.604500000000000000e+04 3.604600000000000000e+04 3.604700000000000000e+04 3.604800000000000000e+04 3.604900000000000000e+04 3.605000000000000000e+04 3.605100000000000000e+04 3.605200000000000000e+04 3.605300000000000000e+04 3.605400000000000000e+04
3.704500000000000000e+04 3.704600000000000000e+04 3.704700000000000000e+04 3.704800000000000000e+04 3.704900000000000000e+04 3.705000000000000000e+04 3.705100000000000000e+04 3.705200000000000000e+04 3.705300000000000000e+04 3.705400000000000000e+04
3.804500000000000000e+04 3.804600000000000000e+04 3.804700000000000000e+04 3.804800000000000000e+04 3.804900000000000000e+04 3.805000000000000000e+04 3.805100000000000000e+04 3.805200000000000000e+04 3.805300000000000000e+04 3.805400000000000000e+04
3.904500000000000000e+04 3.904600000000000000e+04 3.904700000000000000e+04 3.904800000000000000e+04 3.904900000000000000e+04 3.905000000000000000e+04 3.905100000000000000e+04 3.905200000000000000e+04 3.905300000000000000e+04 3.905400000000000000e+04
4.004500000000000000e+04 4.004600000000000000e+04 4.004700000000000000e+04 4.004800000000000000e+04 4.004900000000000000e+04 4.005000000000000000e+04 4.005100000000000000e+04 4.005200000000000000e+04 4.005300000000000000e+04 4.005400000000000000e+04
4.104500000000000000e+04 4.104600000000000000e+04 4.104700000000000000e+04 4.104800000000000000e+04 4.104900000000000000e+04 4.105000000000000000e+04 4.105100000000000000e+04 4.105200000000000000e+04 4.105300000000000000e+04 4.105400000000000000e+04
4.204500000000000000e+04 4.204600000000000000e+04 4.204700000000000000e+04 4.204800000000000000e+04 4.204900000000000000e+04 4.205000000000000000e+04 4.205100000000000000e+04 4.205200000000000000e+04 4.205300000000000000e+04 4.205400000000000000e+04
4.304500000000000000e+04 4.304600000000000000e+04 4.304700000000000000e+04 4.304800000000000000e+04 4.304900000000000000e+04 4.305000000000000000e+04 4.305100000000000000e+04 4.305200000000000000e+04 4.305300000000000000e+04 4.305400000000000000e+04
4.404500000000000000e+04 4.404600000000000000e+04 4.404700000000000000e+04 4.404800000000000000e+04 4.404900000000000000e+04 4.405000000000000000e+04 4.405100000000000000e+04 4.405200000000000000e+04 4.405300000000000000e+04 4.405400000000000000e+04
