1.302400000000000000e+04 1.302500000000000000e+04 1.302600000000000000e+04 1.302700000000000000e+04 1.302900000000000000e+04 1.303000000000000000e+04 1.303100000000000000e+04 1.303200000000000000e+04 1.303300000000000000e+04 1.303400000000000000e+04
1.402400000000000000e+04 1.402500000000000000e+04 1.402600000000000000e+04 1.402700000000000000e+04 1.402900000000000000e+04 1.403000000000000000e+04 1.403100000000000000e+04 1.403200000000000000e+04 1.403300000000000000e+04 1.403400000000000000e+04
1.502400000000000000e+04 1.502500000000000000e+04 1.502600000000000000e+04 1.502700000000000000e+04 1.502900000000000000e+04 1.503000000000000000e+04 1.503100000000000000e+04 1.503200000000000000e+04 1.503300000000000000e+04 1.503400000000000000e+04
1.602400000000000000e+04 1.602500000000000000e+04 1.602600000000000000e+04 1.602700000000000000e+04 1.602900000000000000e+04 1.603000000000000000e+04 1.603100000000000000e+04 1.603200000000000000e+04 1.603300000000000000e+04 1.603400000000000000e+04
1.702400000000000000e+04 1.702500000000000000e+04 1.702600000000000000e+04 1.702700000000000000e+04 1.702900000000000000e+04 1.703000000000000000e+04 1.703100000000000000e+04 1.703200000000000000e+04 1.703300000000000000e+04 1.703400000000000000e+04
1.802400000000000000e+04 1.802500000000000000e+04 1.802600000000000000e+04 1.802700000000000000e+04 1.802900000000000000e+04 1.803000000000000000e+04 1.803100000000000000e+04 1.803200000000000000e+04 1.803300000000000000e+04 1.803400000000000000e+04
2.002400000000000000e+04 2.002500000000000000e+04 2.002600000000000000e+04 2.002700000000000000e+04 2.002900000000000000e+04 2.003000000000000000e+04 2.003100000000000000e+04 2.003200000000000000e+04 2.003300000000000000e+04 2.003400000000000000e+04
2.102400000000000000e+04 2.102500000000000000e+04 2.102600000000000000e+04 2.102700000000000000e+04 2.102900000000000000e+04 2.103000000000000000e+04 2.103100000000000000e+04 2.103200000000000000e+04 2.103300000000000000e+04 2.103400000000000000e+04
2.202400000000000000e+04 2.202500000000000000e+04 2.202600000000000000e+04 2.202700000000000000e+04 2.202900000000000000e+04 2.203000000000000000e+04 2.203100000000000000e+04 2.203200000000000000e+04 2.203300000000000000e+04 2.203400000000000000e+04
2.302400000000000000e+04 2.302500000000000000e+04 2.302600000000000000e+04 2.302700000000000000e+04 2.302900000000000000e+04 2.303000000000000000e+04 2.303100000000000000e+04 2.303200000000000000e+04 2.303300000000000000e+04 2.303400000000000000e+04
