2.405500000000000000e+04 2.405700000000000000e+04 2.405800000000000000e+04 2.405900000000000000e+04 2.406000000000000000e+04 2.406200000000000000e+04 2.406300000000000000e+04 2.406400000000000000e+04 2.406500000000000000e+04
2.505500000000000000e+04 2.505700000000000000e+04 2.505800000000000000e+04 2.505900000000000000e+04 2.506000000000000000e+04 2.506200000000000000e+04 2.506300000000000000e+04 2.506400000000000000e+04 2.506500000000000000e+04
2.605500000000000000e+04 2.605700000000000000e+04 2.605800000000000000e+04 2.605900000000000000e+04 2.606000000000000000e+04 2.606200000000000000e+04 2.606300000000000000e+04 2.606400000000000000e+04 2.606500000000000000e+04
2.705500000000000000e+04 2.705700000000000000e+04 2.705800000000000000e+04 2.705900000000000000e+04 2.706000000000000000e+04 2.706200000000000000e+04 2.706300000000000000e+04 2.706400000000000000e+04 2.706500000000000000e+04
2.905500000000000000e+04 2.905700000000000000e+04 2.905800000000000000e+04 2.905900000000000000e+04 2.906000000000000000e+04 2.906200000000000000e+04 2.906300000000000000e+04 2.906400000000000000e+04 2.906500000000000000e+04
3.005500000000000000e+04 3.005700000000000000e+04 3.005800000000000000e+04 3.005900000000000000e+04 3.006000000000000000e+04 3.006200000000000000e+04 3.006300000000000000e+04 3.006400000000000000e+04 3.006500000000000000e+04
3.105500000000000000e+04 3.105700000000000000e+04 3.105800000000000000e+04 3.105900000000000000e+04 3.106000000000000000e+04 3.106200000000000000e+04 3.106300000000000000e+04 3.106400000000000000e+04 3.106500000000000000e+04
3.205500000000000000e+04 3.205700000000000000e+04 3.205800000000000000e+04 3.205900000000000000e+04 3.206000000000000000e+04 3.206200000000000000e+04 3.206300000000000000e+04 3.206400000000000000e+04 3.206500000000000000e+04
3.305500000000000000e+04 3.305700000000000000e+04 3.305800000000000000e+04 3.305900000000000000e+04 3.306000000000000000e+04 3.306200000000000000e+04 3.306300000000000000e+04 3.306400000000000000e+04 3.306500000000000000e+04
3.405500000000000000e+04 3.405700000000000000e+04 3.405800000000000000e+04 3.405900000000000000e+04 3.406000000000000000e+04 3.406200000000000000e+04 3.406300000000000000e+04 3.406400000000000000e+04 3.406500000000000000e+04
