4.501300000000000000e+04 4.501400000000000000e+04 4.501500000000000000e+04 4.501600000000000000e+04 4.501700000000000000e+04 4.501800000000000000e+04 4.502000000000000000e+04 4.502100000000000000e+04 4.502200000000000000e+04 4.502300000000000000e+04
4.601300000000000000e+04 4.601400000000000000e+04 4.601500000000000000e+04 4.601600000000000000e+04 4.601700000000000000e+04 4.601800000000000000e+04 4.602000000000000000e+04 4.602100000000000000e+04 4.602200000000000000e+04 4.602300000000000000e+04
4.701300000000000000e+04 4.701400000000000000e+04 4.701500000000000000e+04 4.701600000000000000e+04 4.701700000000000000e+04 4.701800000000000000e+04 4.702000000000000000e+04 4.702100000000000000e+04 4.702200000000000000e+04 4.702300000000000000e+04
4.801300000000000000e+04 4.801400000000000000e+04 4.801500000000000000e+04 4.801600000000000000e+04 4.801700000000000000e+04 4.801800000000000000e+04 4.802000000000000000e+04 4.802100000000000000e+04 4.802200000000000000e+04 4.802300000000000000e+04
4.901300000000000000e+04 4.901400000000000000e+04 4.901500000000000000e+04 4.901600000000000000e+04 4.901700000000000000e+04 4.901800000000000000e+04 4.902000000000000000e+04 4.902100000000000000e+04 4.902200000000000000e+04 4.902300000000000000e+04
5.001300000000000000e+04 5.001400000000000000e+04 5.001500000000000000e+04 5.001600000000000000e+04 5.001700000000000000e+04 5.001800000000000000e+04 5.002000000000000000e+04 5.002100000000000000e+04 5.002200000000000000e+04 5.002300000000000000e+04
5.101300000000000000e+04 5.101400000000000000e+04 5.101500000000000000e+04 5.101600000000000000e+04 5.101700000000000000e+04 5.101800000000000000e+04 5.102000000000000000e+04 5.102100000000000000e+04 5.102200000000000000e+04 5.102300000000000000e+04
5.201300000000000000e+04 5.201400000000000000e+04 5.201500000000000000e+04 5.201600000000000000e+04 5.201700000000000000e+04 5.201800000000000000e+04 5.202000000000000000e+04 5.202100000000000000e+04 5.202200000000000000e+04 5.202300000000000000e+04
5.301300000000000000e+04 5.301400000000000000e+04 5.301500000000000000e+04 5.301600000000000000e+04 5.301700000000000000e+04 5.301800000000000000e+04 5.302000000000000000e+04 5.302100000000000000e+04 5.302200000000000000e+04 5.302300000000000000e+04
5.401300000000000000e+04 5.401400000000000000e+04 5.401500000000000000e+04 5.401600000000000000e+04 5.401700000000000000e+04 5.401800000000000000e+04 5.402000000000000000e+04 5.402100000000000000e+04 5.402200000000000000e+04 5.402300000000000000e+04
