3.500300000000000000e+04 3.500400000000000000e+04 3.500500000000000000e+04 3.500600000000000000e+04 3.500700000000000000e+04 3.500800000000000000e+04 3.500900000000000000e+04 3.501000000000000000e+04 3.501100000000000000e+04 3.501200000000000000e+04
3.600300000000000000e+04 3.600400000000000000e+04 3.600500000000000000e+04 3.600600000000000000e+04 3.600700000000000000e+04 3.600800000000000000e+04 3.600900000000000000e+04 3.601000000000000000e+04 3.601100000000000000e+04 3.601200000000000000e+04
3.700300000000000000e+04 3.700400000000000000e+04 3.700500000000000000e+04 3.700600000000000000e+04 3.700700000000000000e+04 3.700800000000000000e+04 3.700900000000000000e+04 3.701000000000000000e+04 3.701100000000000000e+04 3.701200000000000000e+04
3.800300000000000000e+04 3.800400000000000000e+04 3.800500000000000000e+04 3.800600000000000000e+04 3.800700000000000000e+04 3.800800000000000000e+04 3.800900000000000000e+04 3.801000000000000000e+04 3.801100000000000000e+04 3.801200000000000000e+04
3.900300000000000000e+04 3.900400000000000000e+04 3.900500000000000000e+04 3.900600000000000000e+04 3.900700000000000000e+04 3.900800000000000000e+04 3.900900000000000000e+04 3.901000000000000000e+04 3.901100000000000000e+04 3.901200000000000000e+04
4.000300000000000000e+04 4.000400000000000000e+04 4.000500000000000000e+04 4.000600000000000000e+04 4.000700000000000000e+04 4.000800000000000000e+04 4.000900000000000000e+04 4.001000000000000000e+04 4.001100000000000000e+04 4.001200000000000000e+04
4.100300000000000000e+04 4.100400000000000000e+04 4.100500000000000000e+04 4.100600000000000000e+04 4.100700000000000000e+04 4.100800000000000000e+04 4.100900000000000000e+04 4.101000000000000000e+04 4.101100000000000000e+04 4.101200000000000000e+04
4.200300000000000000e+04 4.200400000000000000e+04 4.200500000000000000e+04 4.200600000000000000e+04 4.200700000000000000e+04 4.200800000000000000e+04 4.200900000000000000e+04 4.201000000000000000e+04 4.201100000000000000e+04 4.201200000000000000e+04
4.300300000000000000e+04 4.300400000000000000e+04 4.300500000000000000e+04 4.300600000000000000e+04 4.300700000000000000e+04 4.300800000000000000e+04 4.300900000000000000e+04 4.301000000000000000e+04 4.301100000000000000e+04 4.301200000000000000e+04
4.400300000000000000e+04 4.400400000000000000e+04 4.400500000000000000e+04 4.400600000000000000e+04 4.400700000000000000e+04 4.400800000000000000e+04 4.400900000000000000e+04 4.401000000000000000e+04 4.401100000000000000e+04 4.401200000000000000e+04
