1.305500000000000000e+04 1.305700000000000000e+04 1.305800000000000000e+04 1.305900000000000000e+04 1.306000000000000000e+04 1.306200000000000000e+04 1.306300000000000000e+04 1.306400000000000000e+04 1.306500000000000000e+04
1.405500000000000000e+04 1.405700000000000000e+04 1.405800000000000000e+04 1.405900000000000000e+04 1.406000000000000000e+04 1.406200000000000000e+04 1.406300000000000000e+04 1.406400000000000000e+04 1.406500000000000000e+04
1.505500000000000000e+04 1.505700000000000000e+04 1.505800000000000000e+04 1.505900000000000000e+04 1.506000000000000000e+04 1.506200000000000000e+04 1.506300000000000000e+04 1.506400000000000000e+04 1.506500000000000000e+04
1.605500000000000000e+04 1.605700000000000000e+04 1.605800000000000000e+04 1.605900000000000000e+04 1.606000000000000000e+04 1.606200000000000000e+04 1.606300000000000000e+04 1.606400000000000000e+04 1.606500000000000000e+04
1.705500000000000000e+04 1.705700000000000000e+04 1.705800000000000000e+04 1.705900000000000000e+04 1.706000000000000000e+04 1.706200000000000000e+04 1.706300000000000000e+04 1.706400000000000000e+04 1.706500000000000000e+04
1.805500000000000000e+04 1.805700000000000000e+04 1.805800000000000000e+04 1.805900000000000000e+04 1.806000000000000000e+04 1.806200000000000000e+04 1.806300000000000000e+04 1.806400000000000000e+04 1.806500000000000000e+04
2.005500000000000000e+04 2.005700000000000000e+04 2.005800000000000000e+04 2.005900000000000000e+04 2.006000000000000000e+04 2.006200000000000000e+04 2.006300000000000000e+04 2.006400000000000000e+04 2.006500000000000000e+04
2.105500000000000000e+04 2.105700000000000000e+04 2.105800000000000000e+04 2.105900000000000000e+04 2.106000000000000000e+04 2.106200000000000000e+04 2.106300000000000000e+04 2.106400000000000000e+04 2.106500000000000000e+04
2.205500000000000000e+04 2.205700000000000000e+04 2.205800000000000000e+04 2.205900000000000000e+04 2.206000000000000000e+04 2.206200000000000000e+04 2.206300000000000000e+04 2.206400000000000000e+04 2.206500000000000000e+04
2.305500000000000000e+04 2.305700000000000000e+04 2.305800000000000000e+04 2.305900000000000000e+04 2.306000000000000000e+04 2.306200000000000000e+04 2.306300000000000000e+04 2.306400000000000000e+04 2.306500000000000000e+04
