3.055000000000000000e+03 3.057000000000000000e+03 3.058000000000000000e+03 3.059000000000000000e+03 3.060000000000000000e+03 3.062000000000000000e+03 3.063000000000000000e+03 3.064000000000000000e+03 3.065000000000000000e+03
4.055000000000000000e+03 4.057000000000000000e+03 4.058000000000000000e+03 4.059000000000000000e+03 4.060000000000000000e+03 4.062000000000000000e+03 4.063000000000000000e+03 4.064000000000000000e+03 4.065000000000000000e+03
5.055000000000000000e+03 5.057000000000000000e+03 5.058000000000000000e+03 5.059000000000000000e+03 5.060000000000000000e+03 5.062000000000000000e+03 5.063000000000000000e+03 5.064000000000000000e+03 5.065000000000000000e+03
6.055000000000000000e+03 6.057000000000000000e+03 6.058000000000000000e+03 6.059000000000000000e+03 6.060000000000000000e+03 6.062000000000000000e+03 6.063000000000000000e+03 6.064000000000000000e+03 6.065000000000000000e+03
7.055000000000000000e+03 7.057000000000000000e+03 7.058000000000000000e+03 7.059000000000000000e+03 7.060000000000000000e+03 7.062000000000000000e+03 7.063000000000000000e+03 7.064000000000000000e+03 7.065000000000000000e+03
8.055000000000000000e+03 8.057000000000000000e+03 8.058000000000000000e+03 8.059000000000000000e+03 8.060000000000000000e+03 8.062000000000000000e+03 8.063000000000000000e+03 8.064000000000000000e+03 8.065000000000000000e+03
9.055000000000000000e+03 9.057000000000000000e+03 9.058000000000000000e+03 9.059000000000000000e+03 9.060000000000000000e+03 9.062000000000000000e+03 9.063000000000000000e+03 9.064000000000000000e+03 9.065000000000000000e+03
1.005500000000000000e+04 1.005700000000000000e+04 1.005800000000000000e+04 1.005900000000000000e+04 1.006000000000000000e+04 1.006200000000000000e+04 1.006300000000000000e+04 1.006400000000000000e+04 1.006500000000000000e+04
1.105500000000000000e+04 1.105700000000000000e+04 1.105800000000000000e+04 1.105900000000000000e+04 1.106000000000000000e+04 1.106200000000000000e+04 1.106300000000000000e+04 1.106400000000000000e+04 1.106500000000000000e+04
1.205500000000000000e+04 1.205700000000000000e+04 1.205800000000000000e+04 1.205900000000000000e+04 1.206000000000000000e+04 1.206200000000000000e+04 1.206300000000000000e+04 1.206400000000000000e+04 1.206500000000000000e+04
