2.402400000000000000e+04 2.402500000000000000e+04 2.402600000000000000e+04 2.402700000000000000e+04 2.402900000000000000e+04 2.403000000000000000e+04 2.403100000000000000e+04 2.403200000000000000e+04 2.403300000000000000e+04 2.403400000000000000e+04
2.502400000000000000e+04 2.502500000000000000e+04 2.502600000000000000e+04 2.502700000000000000e+04 2.502900000000000000e+04 2.503000000000000000e+04 2.503100000000000000e+04 2.503200000000000000e+04 2.503300000000000000e+04 2.503400000000000000e+04
2.602400000000000000e+04 2.602500000000000000e+04 2.602600000000000000e+04 2.602700000000000000e+04 2.602900000000000000e+04 2.603000000000000000e+04 2.603100000000000000e+04 2.603200000000000000e+04 2.603300000000000000e+04 2.603400000000000000e+04
2.702400000000000000e+04 2.702500000000000000e+04 2.702600000000000000e+04 2.702700000000000000e+04 2.702900000000000000e+04 2.703000000000000000e+04 2.703100000000000000e+04 2.703200000000000000e+04 2.703300000000000000e+04 2.703400000000000000e+04
2.902400000000000000e+04 2.902500000000000000e+04 2.902600000000000000e+04 2.902700000000000000e+04 2.902900000000000000e+04 2.903000000000000000e+04 2.903100000000000000e+04 2.903200000000000000e+04 2.903300000000000000e+04 2.903400000000000000e+04
3.002400000000000000e+04 3.002500000000000000e+04 3.002600000000000000e+04 3.002700000000000000e+04 3.002900000000000000e+04 3.003000000000000000e+04 3.003100000000000000e+04 3.003200000000000000e+04 3.003300000000000000e+04 3.003400000000000000e+04
3.102400000000000000e+04 3.102500000000000000e+04 3.102600000000000000e+04 3.102700000000000000e+04 3.102900000000000000e+04 3.103000000000000000e+04 3.103100000000000000e+04 3.103200000000000000e+04 3.103300000000000000e+04 3.103400000000000000e+04
3.202400000000000000e+04 3.202500000000000000e+04 3.202600000000000000e+04 3.202700000000000000e+04 3.202900000000000000e+04 3.203000000000000000e+04 3.203100000000000000e+04 3.203200000000000000e+04 3.203300000000000000e+04 3.203400000000000000e+04
3.302400000000000000e+04 3.302500000000000000e+04 3.302600000000000000e+04 3.302700000000000000e+04 3.302900000000000000e+04 3.303000000000000000e+04 3.303100000000000000e+04 3.303200000000000000e+04 3.303300000000000000e+04 3.303400000000000000e+04
3.402400000000000000e+04 3.402500000000000000e+04 3.402600000000000000e+04 3.402700000000000000e+04 3.402900000000000000e+04 3.403000000000000000e+04 3.403100000000000000e+04 3.403200000000000000e+04 3.403300000000000000e+04 3.403400000000000000e+04
