4.504500000000000000e+04 4.504600000000000000e+04 4.504700000000000000e+04 4.504800000000000000e+04 4.504900000000000000e+04 4.505000000000000000e+04 4.505100000000000000e+04 4.505200000000000000e+04 4.505300000000000000e+04 4.505400000000000000e+04
4.604500000000000000e+04 4.604600000000000000e+04 4.604700000000000000e+04 4.604800000000000000e+04 4.604900000000000000e+04 4.605000000000000000e+04 4.605100000000000000e+04 4.605200000000000000e+04 4.605300000000000000e+04 4.605400000000000000e+04
4.704500000000000000e+04 4.704600000000000000e+04 4.704700000000000000e+04 4.704800000000000000e+04 4.704900000000000000e+04 4.705000000000000000e+04 4.705100000000000000e+04 4.705200000000000000e+04 4.705300000000000000e+04 4.705400000000000000e+04
4.804500000000000000e+04 4.804600000000000000e+04 4.804700000000000000e+04 4.804800000000000000e+04 4.804900000000000000e+04 4.805000000000000000e+04 4.805100000000000000e+04 4.805200000000000000e+04 4.805300000000000000e+04 4.805400000000000000e+04
4.904500000000000000e+04 4.904600000000000000e+04 4.904700000000000000e+04 4.904800000000000000e+04 4.904900000000000000e+04 4.905000000000000000e+04 4.905100000000000000e+04 4.905200000000000000e+04 4.905300000000000000e+04 4.905400000000000000e+04
5.004500000000000000e+04 5.004600000000000000e+04 5.004700000000000000e+04 5.004800000000000000e+04 5.004900000000000000e+04 5.005000000000000000e+04 5.005100000000000000e+04 5.005200000000000000e+04 5.005300000000000000e+04 5.005400000000000000e+04
5.104500000000000000e+04 5.104600000000000000e+04 5.104700000000000000e+04 5.104800000000000000e+04 5.104900000000000000e+04 5.105000000000000000e+04 5.105100000000000000e+04 5.105200000000000000e+04 5.105300000000000000e+04 5.105400000000000000e+04
5.204500000000000000e+04 5.204600000000000000e+04 5.204700000000000000e+04 5.204800000000000000e+04 5.204900000000000000e+04 5.205000000000000000e+04 5.205100000000000000e+04 5.205200000000000000e+04 5.205300000000000000e+04 5.205400000000000000e+04
5.304500000000000000e+04 5.304600000000000000e+04 5.304700000000000000e+04 5.304800000000000000e+04 5.304900000000000000e+04 5.305000000000000000e+04 5.305100000000000000e+04 5.305200000000000000e+04 5.305300000000000000e+04 5.305400000000000000e+04
5.404500000000000000e+04 5.404600000000000000e+04 5.404700000000000000e+04 5.404800000000000000e+04 5.404900000000000000e+04 5.405000000000000000e+04 5.405100000000000000e+04 5.405200000000000000e+04 5.405300000000000000e+04 5.405400000000000000e+04
