4.503500000000000000e+04 4.503600000000000000e+04 4.503700000000000000e+04 4.503800000000000000e+04 4.503900000000000000e+04 4.504000000000000000e+04 4.504100000000000000e+04 4.504200000000000000e+04 4.504300000000000000e+04 4.504400000000000000e+04
4.603500000000000000e+04 4.603600000000000000e+04 4.603700000000000000e+04 4.603800000000000000e+04 4.603900000000000000e+04 4.604000000000000000e+04 4.604100000000000000e+04 4.604200000000000000e+04 4.604300000000000000e+04 4.604400000000000000e+04
4.703500000000000000e+04 4.703600000000000000e+04 4.703700000000000000e+04 4.703800000000000000e+04 4.703900000000000000e+04 4.704000000000000000e+04 4.704100000000000000e+04 4.704200000000000000e+04 4.704300000000000000e+04 4.704400000000000000e+04
4.803500000000000000e+04 4.803600000000000000e+04 4.803700000000000000e+04 4.803800000000000000e+04 4.803900000000000000e+04 4.804000000000000000e+04 4.804100000000000000e+04 4.804200000000000000e+04 4.804300000000000000e+04 4.804400000000000000e+04
4.903500000000000000e+04 4.903600000000000000e+04 4.903700000000000000e+04 4.903800000000000000e+04 4.903900000000000000e+04 4.904000000000000000e+04 4.904100000000000000e+04 4.904200000000000000e+04 4.904300000000000000e+04 4.904400000000000000e+04
5.003500000000000000e+04 5.003600000000000000e+04 5.003700000000000000e+04 5.003800000000000000e+04 5.003900000000000000e+04 5.004000000000000000e+04 5.004100000000000000e+04 5.004200000000000000e+04 5.004300000000000000e+04 5.004400000000000000e+04
5.103500000000000000e+04 5.103600000000000000e+04 5.103700000000000000e+04 5.103800000000000000e+04 5.103900000000000000e+04 5.104000000000000000e+04 5.104100000000000000e+04 5.104200000000000000e+04 5.104300000000000000e+04 5.104400000000000000e+04
5.203500000000000000e+04 5.203600000000000000e+04 5.203700000000000000e+04 5.203800000000000000e+04 5.203900000000000000e+04 5.204000000000000000e+04 5.204100000000000000e+04 5.204200000000000000e+04 5.204300000000000000e+04 5.204400000000000000e+04
5.303500000000000000e+04 5.303600000000000000e+04 5.303700000000000000e+04 5.303800000000000000e+04 5.303900000000000000e+04 5.304000000000000000e+04 5.304100000000000000e+04 5.304200000000000000e+04 5.304300000000000000e+04 5.304400000000000000e+04
5.403500000000000000e+04 5.403600000000000000e+04 5.403700000000000000e+04 5.403800000000000000e+04 5.403900000000000000e+04 5.404000000000000000e+04 5.404100000000000000e+04 5.404200000000000000e+04 5.404300000000000000e+04 5.404400000000000000e+04
