1.301300000000000000e+04 1.301400000000000000e+04 1.301500000000000000e+04 1.301600000000000000e+04 1.301700000000000000e+04 1.301800000000000000e+04 1.302000000000000000e+04 1.302100000000000000e+04 1.302200000000000000e+04 1.302300000000000000e+04
1.401300000000000000e+04 1.401400000000000000e+04 1.401500000000000000e+04 1.401600000000000000e+04 1.401700000000000000e+04 1.401800000000000000e+04 1.402000000000000000e+04 1.402100000000000000e+04 1.402200000000000000e+04 1.402300000000000000e+04
1.501300000000000000e+04 1.501400000000000000e+04 1.501500000000000000e+04 1.501600000000000000e+04 1.501700000000000000e+04 1.501800000000000000e+04 1.502000000000000000e+04 1.502100000000000000e+04 1.502200000000000000e+04 1.502300000000000000e+04
1.601300000000000000e+04 1.601400000000000000e+04 1.601500000000000000e+04 1.601600000000000000e+04 1.601700000000000000e+04 1.601800000000000000e+04 1.602000000000000000e+04 1.602100000000000000e+04 1.602200000000000000e+04 1.602300000000000000e+04
1.701300000000000000e+04 1.701400000000000000e+04 1.701500000000000000e+04 1.701600000000000000e+04 1.701700000000000000e+04 1.701800000000000000e+04 1.702000000000000000e+04 1.702100000000000000e+04 1.702200000000000000e+04 1.702300000000000000e+04
1.801300000000000000e+04 1.801400000000000000e+04 1.801500000000000000e+04 1.801600000000000000e+04 1.801700000000000000e+04 1.801800000000000000e+04 1.802000000000000000e+04 1.802100000000000000e+04 1.802200000000000000e+04 1.802300000000000000e+04
2.001300000000000000e+04 2.001400000000000000e+04 2.001500000000000000e+04 2.001600000000000000e+04 2.001700000000000000e+04 2.001800000000000000e+04 2.002000000000000000e+04 2.002100000000000000e+04 2.002200000000000000e+04 2.002300000000000000e+04
2.101300000000000000e+04 2.101400000000000000e+04 2.101500000000000000e+04 2.101600000000000000e+04 2.101700000000000000e+04 2.101800000000000000e+04 2.102000000000000000e+04 2.102100000000000000e+04 2.102200000000000000e+04 2.102300000000000000e+04
2.201300000000000000e+04 2.201400000000000000e+04 2.201500000000000000e+04 2.201600000000000000e+04 2.201700000000000000e+04 2.201800000000000000e+04 2.202000000000000000e+04 2.202100000000000000e+04 2.202200000000000000e+04 2.202300000000000000e+04
2.301300000000000000e+04 2.301400000000000000e+04 2.301500000000000000e+04 2.301600000000000000e+04 2.301700000000000000e+04 2.301800000000000000e+04 2.302000000000000000e+04 2.302100000000000000e+04 2.302200000000000000e+04 2.302300000000000000e+04
