3.013000000000000000e+03 3.014000000000000000e+03 3.015000000000000000e+03 3.016000000000000000e+03 3.017000000000000000e+03 3.018000000000000000e+03 3.020000000000000000e+03 3.021000000000000000e+03 3.022000000000000000e+03 3.023000000000000000e+03
4.013000000000000000e+03 4.014000000000000000e+03 4.015000000000000000e+03 4.016000000000000000e+03 4.017000000000000000e+03 4.018000000000000000e+03 4.020000000000000000e+03 4.021000000000000000e+03 4.022000000000000000e+03 4.023000000000000000e+03
5.013000000000000000e+03 5.014000000000000000e+03 5.015000000000000000e+03 5.016000000000000000e+03 5.017000000000000000e+03 5.018000000000000000e+03 5.020000000000000000e+03 5.021000000000000000e+03 5.022000000000000000e+03 5.023000000000000000e+03
6.013000000000000000e+03 6.014000000000000000e+03 6.015000000000000000e+03 6.016000000000000000e+03 6.017000000000000000e+03 6.018000000000000000e+03 6.020000000000000000e+03 6.021000000000000000e+03 6.022000000000000000e+03 6.023000000000000000e+03
7.013000000000000000e+03 7.014000000000000000e+03 7.015000000000000000e+03 7.016000000000000000e+03 7.017000000000000000e+03 7.018000000000000000e+03 7.020000000000000000e+03 7.021000000000000000e+03 7.022000000000000000e+03 7.023000000000000000e+03
8.013000000000000000e+03 8.014000000000000000e+03 8.015000000000000000e+03 8.016000000000000000e+03 8.017000000000000000e+03 8.018000000000000000e+03 8.020000000000000000e+03 8.021000000000000000e+03 8.022000000000000000e+03 8.023000000000000000e+03
9.013000000000000000e+03 9.014000000000000000e+03 9.015000000000000000e+03 9.016000000000000000e+03 9.017000000000000000e+03 9.018000000000000000e+03 9.020000000000000000e+03 9.021000000000000000e+03 9.022000000000000000e+03 9.023000000000000000e+03
1.001300000000000000e+04 1.001400000000000000e+04 1.001500000000000000e+04 1.001600000000000000e+04 1.001700000000000000e+04 1.001800000000000000e+04 1.002000000000000000e+04 1.002100000000000000e+04 1.002200000000000000e+04 1.002300000000000000e+04
1.101300000000000000e+04 1.101400000000000000e+04 1.101500000000000000e+04 1.101600000000000000e+04 1.101700000000000000e+04 1.101800000000000000e+04 1.102000000000000000e+04 1.102100000000000000e+04 1.102200000000000000e+04 1.102300000000000000e+04
1.201300000000000000e+04 1.201400000000000000e+04 1.201500000000000000e+04 1.201600000000000000e+04 1.201700000000000000e+04 1.201800000000000000e+04 1.202000000000000000e+04 1.202100000000000000e+04 1.202200000000000000e+04 1.202300000000000000e+04
