3.502400000000000000e+04 3.502500000000000000e+04 3.502600000000000000e+04 3.502700000000000000e+04 3.502900000000000000e+04 3.503000000000000000e+04 3.503100000000000000e+04 3.503200000000000000e+04 3.503300000000000000e+04 3.503400000000000000e+04
3.602400000000000000e+04 3.602500000000000000e+04 3.602600000000000000e+04 3.602700000000000000e+04 3.602900000000000000e+04 3.603000000000000000e+04 3.603100000000000000e+04 3.603200000000000000e+04 3.603300000000000000e+04 3.603400000000000000e+04
3.702400000000000000e+04 3.702500000000000000e+04 3.702600000000000000e+04 3.702700000000000000e+04 3.702900000000000000e+04 3.703000000000000000e+04 3.703100000000000000e+04 3.703200000000000000e+04 3.703300000000000000e+04 3.703400000000000000e+04
3.802400000000000000e+04 3.802500000000000000e+04 3.802600000000000000e+04 3.802700000000000000e+04 3.802900000000000000e+04 3.803000000000000000e+04 3.803100000000000000e+04 3.803200000000000000e+04 3.803300000000000000e+04 3.803400000000000000e+04
3.902400000000000000e+04 3.902500000000000000e+04 3.902600000000000000e+04 3.902700000000000000e+04 3.902900000000000000e+04 3.903000000000000000e+04 3.903100000000000000e+04 3.903200000000000000e+04 3.903300000000000000e+04 3.903400000000000000e+04
4.002400000000000000e+04 4.002500000000000000e+04 4.002600000000000000e+04 4.002700000000000000e+04 4.002900000000000000e+04 4.003000000000000000e+04 4.003100000000000000e+04 4.003200000000000000e+04 4.003300000000000000e+04 4.003400000000000000e+04
4.102400000000000000e+04 4.102500000000000000e+04 4.102600000000000000e+04 4.102700000000000000e+04 4.102900000000000000e+04 4.103000000000000000e+04 4.103100000000000000e+04 4.103200000000000000e+04 4.103300000000000000e+04 4.103400000000000000e+04
4.202400000000000000e+04 4.202500000000000000e+04 4.202600000000000000e+04 4.202700000000000000e+04 4.202900000000000000e+04 4.203000000000000000e+04 4.203100000000000000e+04 4.203200000000000000e+04 4.203300000000000000e+04 4.203400000000000000e+04
4.302400000000000000e+04 4.302500000000000000e+04 4.302600000000000000e+04 4.302700000000000000e+04 4.302900000000000000e+04 4.303000000000000000e+04 4.303100000000000000e+04 4.303200000000000000e+04 4.303300000000000000e+04 4.303400000000000000e+04
4.402400000000000000e+04 4.402500000000000000e+04 4.402600000000000000e+04 4.402700000000000000e+04 4.402900000000000000e+04 4.403000000000000000e+04 4.403100000000000000e+04 4.403200000000000000e+04 4.403300000000000000e+04 4.403400000000000000e+04
