4.505500000000000000e+04 4.505700000000000000e+04 4.505800000000000000e+04 4.505900000000000000e+04 4.506000000000000000e+04 4.506200000000000000e+04 4.506300000000000000e+04 4.506400000000000000e+04 4.506500000000000000e+04
4.605500000000000000e+04 4.605700000000000000e+04 4.605800000000000000e+04 4.605900000000000000e+04 4.606000000000000000e+04 4.606200000000000000e+04 4.606300000000000000e+04 4.606400000000000000e+04 4.606500000000000000e+04
4.705500000000000000e+04 4.705700000000000000e+04 4.705800000000000000e+04 4.705900000000000000e+04 4.706000000000000000e+04 4.706200000000000000e+04 4.706300000000000000e+04 4.706400000000000000e+04 4.706500000000000000e+04
4.805500000000000000e+04 4.805700000000000000e+04 4.805800000000000000e+04 4.805900000000000000e+04 4.806000000000000000e+04 4.806200000000000000e+04 4.806300000000000000e+04 4.806400000000000000e+04 4.806500000000000000e+04
4.905500000000000000e+04 4.905700000000000000e+04 4.905800000000000000e+04 4.905900000000000000e+04 4.906000000000000000e+04 4.906200000000000000e+04 4.906300000000000000e+04 4.906400000000000000e+04 4.906500000000000000e+04
5.005500000000000000e+04 5.005700000000000000e+04 5.005800000000000000e+04 5.005900000000000000e+04 5.006000000000000000e+04 5.006200000000000000e+04 5.006300000000000000e+04 5.006400000000000000e+04 5.006500000000000000e+04
5.105500000000000000e+04 5.105700000000000000e+04 5.105800000000000000e+04 5.105900000000000000e+04 5.106000000000000000e+04 5.106200000000000000e+04 5.106300000000000000e+04 5.106400000000000000e+04 5.106500000000000000e+04
5.205500000000000000e+04 5.205700000000000000e+04 5.205800000000000000e+04 5.205900000000000000e+04 5.206000000000000000e+04 5.206200000000000000e+04 5.206300000000000000e+04 5.206400000000000000e+04 5.206500000000000000e+04
5.305500000000000000e+04 5.305700000000000000e+04 5.305800000000000000e+04 5.305900000000000000e+04 5.306000000000000000e+04 5.306200000000000000e+04 5.306300000000000000e+04 5.306400000000000000e+04 5.306500000000000000e+04
5.405500000000000000e+04 5.405700000000000000e+04 5.405800000000000000e+04 5.405900000000000000e+04 5.406000000000000000e+04 5.406200000000000000e+04 5.406300000000000000e+04 5.406400000000000000e+04 5.406500000000000000e+04
