2.404500000000000000e+04 2.404600000000000000e+04 2.404700000000000000e+04 2.404800000000000000e+04 2.404900000000000000e+04 2.405000000000000000e+04 2.405100000000000000e+04 2.405200000000000000e+04 2.405300000000000000e+04 2.405400000000000000e+04
2.504500000000000000e+04 2.504600000000000000e+04 2.504700000000000000e+04 2.504800000000000000e+04 2.504900000000000000e+04 2.505000000000000000e+04 2.505100000000000000e+04 2.505200000000000000e+04 2.505300000000000000e+04 2.505400000000000000e+04
2.604500000000000000e+04 2.604600000000000000e+04 2.604700000000000000e+04 2.604800000000000000e+04 2.604900000000000000e+04 2.605000000000000000e+04 2.605100000000000000e+04 2.605200000000000000e+04 2.605300000000000000e+04 2.605400000000000000e+04
2.704500000000000000e+04 2.704600000000000000e+04 2.704700000000000000e+04 2.704800000000000000e+04 2.704900000000000000e+04 2.705000000000000000e+04 2.705100000000000000e+04 2.705200000000000000e+04 2.705300000000000000e+04 2.705400000000000000e+04
2.904500000000000000e+04 2.904600000000000000e+04 2.904700000000000000e+04 2.904800000000000000e+04 2.904900000000000000e+04 2.905000000000000000e+04 2.905100000000000000e+04 2.905200000000000000e+04 2.905300000000000000e+04 2.905400000000000000e+04
3.004500000000000000e+04 3.004600000000000000e+04 3.004700000000000000e+04 3.004800000000000000e+04 3.004900000000000000e+04 3.005000000000000000e+04 3.005100000000000000e+04 3.005200000000000000e+04 3.005300000000000000e+04 3.005400000000000000e+04
3.104500000000000000e+04 3.104600000000000000e+04 3.104700000000000000e+04 3.104800000000000000e+04 3.104900000000000000e+04 3.105000000000000000e+04 3.105100000000000000e+04 3.105200000000000000e+04 3.105300000000000000e+04 3.105400000000000000e+04
3.204500000000000000e+04 3.204600000000000000e+04 3.204700000000000000e+04 3.204800000000000000e+04 3.204900000000000000e+04 3.205000000000000000e+04 3.205100000000000000e+04 3.205200000000000000e+04 3.205300000000000000e+04 3.205400000000000000e+04
3.304500000000000000e+04 3.304600000000000000e+04 3.304700000000000000e+04 3.304800000000000000e+04 3.304900000000000000e+04 3.305000000000000000e+04 3.305100000000000000e+04 3.305200000000000000e+04 3.305300000000000000e+04 3.305400000000000000e+04
3.404500000000000000e+04 3.404600000000000000e+04 3.404700000000000000e+04 3.404800000000000000e+04 3.404900000000000000e+04 3.405000000000000000e+04 3.405100000000000000e+04 3.405200000000000000e+04 3.405300000000000000e+04 3.405400000000000000e+04
