3.045000000000000000e+03 3.046000000000000000e+03 3.047000000000000000e+03 3.048000000000000000e+03 3.049000000000000000e+03 3.050000000000000000e+03 3.051000000000000000e+03 3.052000000000000000e+03 3.053000000000000000e+03 3.054000000000000000e+03
4.045000000000000000e+03 4.046000000000000000e+03 4.047000000000000000e+03 4.048000000000000000e+03 4.049000000000000000e+03 4.050000000000000000e+03 4.051000000000000000e+03 4.052000000000000000e+03 4.053000000000000000e+03 4.054000000000000000e+03
5.045000000000000000e+03 5.046000000000000000e+03 5.047000000000000000e+03 5.048000000000000000e+03 5.049000000000000000e+03 5.050000000000000000e+03 5.051000000000000000e+03 5.052000000000000000e+03 5.053000000000000000e+03 5.054000000000000000e+03
6.045000000000000000e+03 6.046000000000000000e+03 6.047000000000000000e+03 6.048000000000000000e+03 6.049000000000000000e+03 6.050000000000000000e+03 6.051000000000000000e+03 6.052000000000000000e+03 6.053000000000000000e+03 6.054000000000000000e+03
7.045000000000000000e+03 7.046000000000000000e+03 7.047000000000000000e+03 7.048000000000000000e+03 7.049000000000000000e+03 7.050000000000000000e+03 7.051000000000000000e+03 7.052000000000000000e+03 7.053000000000000000e+03 7.054000000000000000e+03
8.045000000000000000e+03 8.046000000000000000e+03 8.047000000000000000e+03 8.048000000000000000e+03 8.049000000000000000e+03 8.050000000000000000e+03 8.051000000000000000e+03 8.052000000000000000e+03 8.053000000000000000e+03 8.054000000000000000e+03
9.045000000000000000e+03 9.046000000000000000e+03 9.047000000000000000e+03 9.048000000000000000e+03 9.049000000000000000e+03 9.050000000000000000e+03 9.051000000000000000e+03 9.052000000000000000e+03 9.053000000000000000e+03 9.054000000000000000e+03
1.004500000000000000e+04 1.004600000000000000e+04 1.004700000000000000e+04 1.004800000000000000e+04 1.004900000000000000e+04 1.005000000000000000e+04 1.005100000000000000e+04 1.005200000000000000e+04 1.005300000000000000e+04 1.005400000000000000e+04
1.104500000000000000e+04 1.104600000000000000e+04 1.104700000000000000e+04 1.104800000000000000e+04 1.104900000000000000e+04 1.105000000000000000e+04 1.105100000000000000e+04 1.105200000000000000e+04 1.105300000000000000e+04 1.105400000000000000e+04
1.204500000000000000e+04 1.204600000000000000e+04 1.204700000000000000e+04 1.204800000000000000e+04 1.204900000000000000e+04 1.205000000000000000e+04 1.205100000000000000e+04 1.205200000000000000e+04 1.205300000000000000e+04 1.205400000000000000e+04
