3.003000000000000000e+03 3.004000000000000000e+03 3.005000000000000000e+03 3.006000000000000000e+03 3.007000000000000000e+03 3.008000000000000000e+03 3.009000000000000000e+03 3.010000000000000000e+03 3.011000000000000000e+03 3.012000000000000000e+03
4.003000000000000000e+03 4.004000000000000000e+03 4.005000000000000000e+03 4.006000000000000000e+03 4.007000000000000000e+03 4.008000000000000000e+03 4.009000000000000000e+03 4.010000000000000000e+03 4.011000000000000000e+03 4.012000000000000000e+03
5.003000000000000000e+03 5.004000000000000000e+03 5.005000000000000000e+03 5.006000000000000000e+03 5.007000000000000000e+03 5.008000000000000000e+03 5.009000000000000000e+03 5.010000000000000000e+03 5.011000000000000000e+03 5.012000000000000000e+03
6.003000000000000000e+03 6.004000000000000000e+03 6.005000000000000000e+03 6.006000000000000000e+03 6.007000000000000000e+03 6.008000000000000000e+03 6.009000000000000000e+03 6.010000000000000000e+03 6.011000000000000000e+03 6.012000000000000000e+03
7.003000000000000000e+03 7.004000000000000000e+03 7.005000000000000000e+03 7.006000000000000000e+03 7.007000000000000000e+03 7.008000000000000000e+03 7.009000000000000000e+03 7.010000000000000000e+03 7.011000000000000000e+03 7.012000000000000000e+03
8.003000000000000000e+03 8.004000000000000000e+03 8.005000000000000000e+03 8.006000000000000000e+03 8.007000000000000000e+03 8.008000000000000000e+03 8.009000000000000000e+03 8.010000000000000000e+03 8.011000000000000000e+03 8.012000000000000000e+03
9.003000000000000000e+03 9.004000000000000000e+03 9.005000000000000000e+03 9.006000000000000000e+03 9.007000000000000000e+03 9.008000000000000000e+03 9.009000000000000000e+03 9.010000000000000000e+03 9.011000000000000000e+03 9.012000000000000000e+03
1.000300000000000000e+04 1.000400000000000000e+04 1.000500000000000000e+04 1.000600000000000000e+04 1.000700000000000000e+04 1.000800000000000000e+04 1.000900000000000000e+04 1.001000000000000000e+04 1.001100000000000000e+04 1.001200000000000000e+04
1.100300000000000000e+04 1.100400000000000000e+04 1.100500000000000000e+04 1.100600000000000000e+04 1.100700000000000000e+04 1.100800000000000000e+04 1.100900000000000000e+04 1.101000000000000000e+04 1.101100000000000000e+04 1.101200000000000000e+04
1.200300000000000000e+04 1.200400000000000000e+04 1.200500000000000000e+04 1.200600000000000000e+04 1.200700000000000000e+04 1.200800000000000000e+04 1.200900000000000000e+04 1.201000000000000000e+04 1.201100000000000000e+04 1.201200000000000000e+04
