2.401300000000000000e+04 2.401400000000000000e+04 2.401500000000000000e+04 2.401600000000000000e+04 2.401700000000000000e+04 2.401800000000000000e+04 2.402000000000000000e+04 2.402100000000000000e+04 2.402200000000000000e+04 2.402300000000000000e+04
2.501300000000000000e+04 2.501400000000000000e+04 2.501500000000000000e+04 2.501600000000000000e+04 2.501700000000000000e+04 2.501800000000000000e+04 2.502000000000000000e+04 2.502100000000000000e+04 2.502200000000000000e+04 2.502300000000000000e+04
2.601300000000000000e+04 2.601400000000000000e+04 2.601500000000000000e+04 2.601600000000000000e+04 2.601700000000000000e+04 2.601800000000000000e+04 2.602000000000000000e+04 2.602100000000000000e+04 2.602200000000000000e+04 2.602300000000000000e+04
2.701300000000000000e+04 2.701400000000000000e+04 2.701500000000000000e+04 2.701600000000000000e+04 2.701700000000000000e+04 2.701800000000000000e+04 2.702000000000000000e+04 2.702100000000000000e+04 2.702200000000000000e+04 2.702300000000000000e+04
2.901300000000000000e+04 2.901400000000000000e+04 2.901500000000000000e+04 2.901600000000000000e+04 2.901700000000000000e+04 2.901800000000000000e+04 2.902000000000000000e+04 2.902100000000000000e+04 2.902200000000000000e+04 2.902300000000000000e+04
3.001300000000000000e+04 3.001400000000000000e+04 3.001500000000000000e+04 3.001600000000000000e+04 3.001700000000000000e+04 3.001800000000000000e+04 3.002000000000000000e+04 3.002100000000000000e+04 3.002200000000000000e+04 3.002300000000000000e+04
3.101300000000000000e+04 3.101400000000000000e+04 3.101500000000000000e+04 3.101600000000000000e+04 3.101700000000000000e+04 3.101800000000000000e+04 3.102000000000000000e+04 3.102100000000000000e+04 3.102200000000000000e+04 3.102300000000000000e+04
3.201300000000000000e+04 3.201400000000000000e+04 3.201500000000000000e+04 3.201600000000000000e+04 3.201700000000000000e+04 3.201800000000000000e+04 3.202000000000000000e+04 3.202100000000000000e+04 3.202200000000000000e+04 3.202300000000000000e+04
3.301300000000000000e+04 3.301400000000000000e+04 3.301500000000000000e+04 3.301600000000000000e+04 3.301700000000000000e+04 3.301800000000000000e+04 3.302000000000000000e+04 3.302100000000000000e+04 3.302200000000000000e+04 3.302300000000000000e+04
3.401300000000000000e+04 3.401400000000000000e+04 3.401500000000000000e+04 3.401600000000000000e+04 3.401700000000000000e+04 3.401800000000000000e+04 3.402000000000000000e+04 3.402100000000000000e+04 3.402200000000000000e+04 3.402300000000000000e+04
