2.403500000000000000e+04 2.403600000000000000e+04 2.403700000000000000e+04 2.403800000000000000e+04 2.403900000000000000e+04 2.404000000000000000e+04 2.404100000000000000e+04 2.404200000000000000e+04 2.404300000000000000e+04 2.404400000000000000e+04
2.503500000000000000e+04 2.503600000000000000e+04 2.503700000000000000e+04 2.503800000000000000e+04 2.503900000000000000e+04 2.504000000000000000e+04 2.504100000000000000e+04 2.504200000000000000e+04 2.504300000000000000e+04 2.504400000000000000e+04
2.603500000000000000e+04 2.603600000000000000e+04 2.603700000000000000e+04 2.603800000000000000e+04 2.603900000000000000e+04 2.604000000000000000e+04 2.604100000000000000e+04 2.604200000000000000e+04 2.604300000000000000e+04 2.604400000000000000e+04
2.703500000000000000e+04 2.703600000000000000e+04 2.703700000000000000e+04 2.703800000000000000e+04 2.703900000000000000e+04 2.704000000000000000e+04 2.704100000000000000e+04 2.704200000000000000e+04 2.704300000000000000e+04 2.704400000000000000e+04
2.903500000000000000e+04 2.903600000000000000e+04 2.903700000000000000e+04 2.903800000000000000e+04 2.903900000000000000e+04 2.904000000000000000e+04 2.904100000000000000e+04 2.904200000000000000e+04 2.904300000000000000e+04 2.904400000000000000e+04
3.003500000000000000e+04 3.003600000000000000e+04 3.003700000000000000e+04 3.003800000000000000e+04 3.003900000000000000e+04 3.004000000000000000e+04 3.004100000000000000e+04 3.004200000000000000e+04 3.004300000000000000e+04 3.004400000000000000e+04
3.103500000000000000e+04 3.103600000000000000e+04 3.103700000000000000e+04 3.103800000000000000e+04 3.103900000000000000e+04 3.104000000000000000e+04 3.104100000000000000e+04 3.104200000000000000e+04 3.104300000000000000e+04 3.104400000000000000e+04
3.203500000000000000e+04 3.203600000000000000e+04 3.203700000000000000e+04 3.203800000000000000e+04 3.203900000000000000e+04 3.204000000000000000e+04 3.204100000000000000e+04 3.204200000000000000e+04 3.204300000000000000e+04 3.204400000000000000e+04
3.303500000000000000e+04 3.303600000000000000e+04 3.303700000000000000e+04 3.303800000000000000e+04 3.303900000000000000e+04 3.304000000000000000e+04 3.304100000000000000e+04 3.304200000000000000e+04 3.304300000000000000e+04 3.304400000000000000e+04
3.403500000000000000e+04 3.403600000000000000e+04 3.403700000000000000e+04 3.403800000000000000e+04 3.403900000000000000e+04 3.404000000000000000e+04 3.404100000000000000e+04 3.404200000000000000e+04 3.404300000000000000e+04 3.404400000000000000e+04
