4.500300000000000000e+04 4.500400000000000000e+04 4.500500000000000000e+04 4.500600000000000000e+04 4.500700000000000000e+04 4.500800000000000000e+04 4.500900000000000000e+04 4.501000000000000000e+04 4.501100000000000000e+04 4.501200000000000000e+04
4.600300000000000000e+04 4.600400000000000000e+04 4.600500000000000000e+04 4.600600000000000000e+04 4.600700000000000000e+04 4.600800000000000000e+04 4.600900000000000000e+04 4.601000000000000000e+04 4.601100000000000000e+04 4.601200000000000000e+04
4.700300000000000000e+04 4.700400000000000000e+04 4.700500000000000000e+04 4.700600000000000000e+04 4.700700000000000000e+04 4.700800000000000000e+04 4.700900000000000000e+04 4.701000000000000000e+04 4.701100000000000000e+04 4.701200000000000000e+04
4.800300000000000000e+04 4.800400000000000000e+04 4.800500000000000000e+04 4.800600000000000000e+04 4.800700000000000000e+04 4.800800000000000000e+04 4.800900000000000000e+04 4.801000000000000000e+04 4.801100000000000000e+04 4.801200000000000000e+04
4.900300000000000000e+04 4.900400000000000000e+04 4.900500000000000000e+04 4.900600000000000000e+04 4.900700000000000000e+04 4.900800000000000000e+04 4.900900000000000000e+04 4.901000000000000000e+04 4.901100000000000000e+04 4.901200000000000000e+04
5.000300000000000000e+04 5.000400000000000000e+04 5.000500000000000000e+04 5.000600000000000000e+04 5.000700000000000000e+04 5.000800000000000000e+04 5.000900000000000000e+04 5.001000000000000000e+04 5.001100000000000000e+04 5.001200000000000000e+04
5.100300000000000000e+04 5.100400000000000000e+04 5.100500000000000000e+04 5.100600000000000000e+04 5.100700000000000000e+04 5.100800000000000000e+04 5.100900000000000000e+04 5.101000000000000000e+04 5.101100000000000000e+04 5.101200000000000000e+04
5.200300000000000000e+04 5.200400000000000000e+04 5.200500000000000000e+04 5.200600000000000000e+04 5.200700000000000000e+04 5.200800000000000000e+04 5.200900000000000000e+04 5.201000000000000000e+04 5.201100000000000000e+04 5.201200000000000000e+04
5.300300000000000000e+04 5.300400000000000000e+04 5.300500000000000000e+04 5.300600000000000000e+04 5.300700000000000000e+04 5.300800000000000000e+04 5.300900000000000000e+04 5.301000000000000000e+04 5.301100000000000000e+04 5.301200000000000000e+04
5.400300000000000000e+04 5.400400000000000000e+04 5.400500000000000000e+04 5.400600000000000000e+04 5.400700000000000000e+04 5.400800000000000000e+04 5.400900000000000000e+04 5.401000000000000000e+04 5.401100000000000000e+04 5.401200000000000000e+04
