1.300300000000000000e+04 1.300400000000000000e+04 1.300500000000000000e+04 1.300600000000000000e+04 1.300700000000000000e+04 1.300800000000000000e+04 1.300900000000000000e+04 1.301000000000000000e+04 1.301100000000000000e+04 1.301200000000000000e+04
1.400300000000000000e+04 1.400400000000000000e+04 1.400500000000000000e+04 1.400600000000000000e+04 1.400700000000000000e+04 1.400800000000000000e+04 1.400900000000000000e+04 1.401000000000000000e+04 1.401100000000000000e+04 1.401200000000000000e+04
1.500300000000000000e+04 1.500400000000000000e+04 1.500500000000000000e+04 1.500600000000000000e+04 1.500700000000000000e+04 1.500800000000000000e+04 1.500900000000000000e+04 1.501000000000000000e+04 1.501100000000000000e+04 1.501200000000000000e+04
1.600300000000000000e+04 1.600400000000000000e+04 1.600500000000000000e+04 1.600600000000000000e+04 1.600700000000000000e+04 1.600800000000000000e+04 1.600900000000000000e+04 1.601000000000000000e+04 1.601100000000000000e+04 1.601200000000000000e+04
1.700300000000000000e+04 1.700400000000000000e+04 1.700500000000000000e+04 1.700600000000000000e+04 1.700700000000000000e+04 1.700800000000000000e+04 1.700900000000000000e+04 1.701000000000000000e+04 1.701100000000000000e+04 1.701200000000000000e+04
1.800300000000000000e+04 1.800400000000000000e+04 1.800500000000000000e+04 1.800600000000000000e+04 1.800700000000000000e+04 1.800800000000000000e+04 1.800900000000000000e+04 1.801000000000000000e+04 1.801100000000000000e+04 1.801200000000000000e+04
2.000300000000000000e+04 2.000400000000000000e+04 2.000500000000000000e+04 2.000600000000000000e+04 2.000700000000000000e+04 2.000800000000000000e+04 2.000900000000000000e+04 2.001000000000000000e+04 2.001100000000000000e+04 2.001200000000000000e+04
2.100300000000000000e+04 2.100400000000000000e+04 2.100500000000000000e+04 2.100600000000000000e+04 2.100700000000000000e+04 2.100800000000000000e+04 2.100900000000000000e+04 2.101000000000000000e+04 2.101100000000000000e+04 2.101200000000000000e+04
2.200300000000000000e+04 2.200400000000000000e+04 2.200500000000000000e+04 2.200600000000000000e+04 2.200700000000000000e+04 2.200800000000000000e+04 2.200900000000000000e+04 2.201000000000000000e+04 2.201100000000000000e+04 2.201200000000000000e+04
2.300300000000000000e+04 2.300400000000000000e+04 2.300500000000000000e+04 2.300600000000000000e+04 2.300700000000000000e+04 2.300800000000000000e+04 2.300900000000000000e+04 2.301000000000000000e+04 2.301100000000000000e+04 2.301200000000000000e+04
