3.035000000000000000e+03 3.036000000000000000e+03 3.037000000000000000e+03 3.038000000000000000e+03 3.039000000000000000e+03 3.040000000000000000e+03 3.041000000000000000e+03 3.042000000000000000e+03 3.043000000000000000e+03 3.044000000000000000e+03
4.035000000000000000e+03 4.036000000000000000e+03 4.037000000000000000e+03 4.038000000000000000e+03 4.039000000000000000e+03 4.040000000000000000e+03 4.041000000000000000e+03 4.042000000000000000e+03 4.043000000000000000e+03 4.044000000000000000e+03
5.035000000000000000e+03 5.036000000000000000e+03 5.037000000000000000e+03 5.038000000000000000e+03 5.039000000000000000e+03 5.040000000000000000e+03 5.041000000000000000e+03 5.042000000000000000e+03 5.043000000000000000e+03 5.044000000000000000e+03
6.035000000000000000e+03 6.036000000000000000e+03 6.037000000000000000e+03 6.038000000000000000e+03 6.039000000000000000e+03 6.040000000000000000e+03 6.041000000000000000e+03 6.042000000000000000e+03 6.043000000000000000e+03 6.044000000000000000e+03
7.035000000000000000e+03 7.036000000000000000e+03 7.037000000000000000e+03 7.038000000000000000e+03 7.039000000000000000e+03 7.040000000000000000e+03 7.041000000000000000e+03 7.042000000000000000e+03 7.043000000000000000e+03 7.044000000000000000e+03
8.035000000000000000e+03 8.036000000000000000e+03 8.037000000000000000e+03 8.038000000000000000e+03 8.039000000000000000e+03 8.040000000000000000e+03 8.041000000000000000e+03 8.042000000000000000e+03 8.043000000000000000e+03 8.044000000000000000e+03
9.035000000000000000e+03 9.036000000000000000e+03 9.037000000000000000e+03 9.038000000000000000e+03 9.039000000000000000e+03 9.040000000000000000e+03 9.041000000000000000e+03 9.042000000000000000e+03 9.043000000000000000e+03 9.044000000000000000e+03
1.003500000000000000e+04 1.003600000000000000e+04 1.003700000000000000e+04 1.003800000000000000e+04 1.003900000000000000e+04 1.004000000000000000e+04 1.004100000000000000e+04 1.004200000000000000e+04 1.004300000000000000e+04 1.004400000000000000e+04
1.103500000000000000e+04 1.103600000000000000e+04 1.103700000000000000e+04 1.103800000000000000e+04 1.103900000000000000e+04 1.104000000000000000e+04 1.104100000000000000e+04 1.104200000000000000e+04 1.104300000000000000e+04 1.104400000000000000e+04
1.203500000000000000e+04 1.203600000000000000e+04 1.203700000000000000e+04 1.203800000000000000e+04 1.203900000000000000e+04 1.204000000000000000e+04 1.204100000000000000e+04 1.204200000000000000e+04 1.204300000000000000e+04 1.204400000000000000e+04
