4.502400000000000000e+04 4.502500000000000000e+04 4.502600000000000000e+04 4.502700000000000000e+04 4.502900000000000000e+04 4.503000000000000000e+04 4.503100000000000000e+04 4.503200000000000000e+04 4.503300000000000000e+04 4.503400000000000000e+04
4.602400000000000000e+04 4.602500000000000000e+04 4.602600000000000000e+04 4.602700000000000000e+04 4.602900000000000000e+04 4.603000000000000000e+04 4.603100000000000000e+04 4.603200000000000000e+04 4.603300000000000000e+04 4.603400000000000000e+04
4.702400000000000000e+04 4.702500000000000000e+04 4.702600000000000000e+04 4.702700000000000000e+04 4.702900000000000000e+04 4.703000000000000000e+04 4.703100000000000000e+04 4.703200000000000000e+04 4.703300000000000000e+04 4.703400000000000000e+04
4.802400000000000000e+04 4.802500000000000000e+04 4.802600000000000000e+04 4.802700000000000000e+04 4.802900000000000000e+04 4.803000000000000000e+04 4.803100000000000000e+04 4.803200000000000000e+04 4.803300000000000000e+04 4.803400000000000000e+04
4.902400000000000000e+04 4.902500000000000000e+04 4.902600000000000000e+04 4.902700000000000000e+04 4.902900000000000000e+04 4.903000000000000000e+04 4.903100000000000000e+04 4.903200000000000000e+04 4.903300000000000000e+04 4.903400000000000000e+04
5.002400000000000000e+04 5.002500000000000000e+04 5.002600000000000000e+04 5.002700000000000000e+04 5.002900000000000000e+04 5.003000000000000000e+04 5.003100000000000000e+04 5.003200000000000000e+04 5.003300000000000000e+04 5.003400000000000000e+04
5.102400000000000000e+04 5.102500000000000000e+04 5.102600000000000000e+04 5.102700000000000000e+04 5.102900000000000000e+04 5.103000000000000000e+04 5.103100000000000000e+04 5.103200000000000000e+04 5.103300000000000000e+04 5.103400000000000000e+04
5.202400000000000000e+04 5.202500000000000000e+04 5.202600000000000000e+04 5.202700000000000000e+04 5.202900000000000000e+04 5.203000000000000000e+04 5.203100000000000000e+04 5.203200000000000000e+04 5.203300000000000000e+04 5.203400000000000000e+04
5.302400000000000000e+04 5.302500000000000000e+04 5.302600000000000000e+04 5.302700000000000000e+04 5.302900000000000000e+04 5.303000000000000000e+04 5.303100000000000000e+04 5.303200000000000000e+04 5.303300000000000000e+04 5.303400000000000000e+04
5.402400000000000000e+04 5.402500000000000000e+04 5.402600000000000000e+04 5.402700000000000000e+04 5.402900000000000000e+04 5.403000000000000000e+04 5.403100000000000000e+04 5.403200000000000000e+04 5.403300000000000000e+04 5.403400000000000000e+04
