3.024000000000000000e+03 3.025000000000000000e+03 3.026000000000000000e+03 3.027000000000000000e+03 3.029000000000000000e+03 3.030000000000000000e+03 3.031000000000000000e+03 3.032000000000000000e+03 3.033000000000000000e+03 3.034000000000000000e+03
4.024000000000000000e+03 4.025000000000000000e+03 4.026000000000000000e+03 4.027000000000000000e+03 4.029000000000000000e+03 4.030000000000000000e+03 4.031000000000000000e+03 4.032000000000000000e+03 4.033000000000000000e+03 4.034000000000000000e+03
5.024000000000000000e+03 5.025000000000000000e+03 5.026000000000000000e+03 5.027000000000000000e+03 5.029000000000000000e+03 5.030000000000000000e+03 5.031000000000000000e+03 5.032000000000000000e+03 5.033000000000000000e+03 5.034000000000000000e+03
6.024000000000000000e+03 6.025000000000000000e+03 6.026000000000000000e+03 6.027000000000000000e+03 6.029000000000000000e+03 6.030000000000000000e+03 6.031000000000000000e+03 6.032000000000000000e+03 6.033000000000000000e+03 6.034000000000000000e+03
7.024000000000000000e+03 7.025000000000000000e+03 7.026000000000000000e+03 7.027000000000000000e+03 7.029000000000000000e+03 7.030000000000000000e+03 7.031000000000000000e+03 7.032000000000000000e+03 7.033000000000000000e+03 7.034000000000000000e+03
8.024000000000000000e+03 8.025000000000000000e+03 8.026000000000000000e+03 8.027000000000000000e+03 8.029000000000000000e+03 8.030000000000000000e+03 8.031000000000000000e+03 8.032000000000000000e+03 8.033000000000000000e+03 8.034000000000000000e+03
9.024000000000000000e+03 9.025000000000000000e+03 9.026000000000000000e+03 9.027000000000000000e+03 9.029000000000000000e+03 9.030000000000000000e+03 9.031000000000000000e+03 9.032000000000000000e+03 9.033000000000000000e+03 9.034000000000000000e+03
1.002400000000000000e+04 1.002500000000000000e+04 1.002600000000000000e+04 1.002700000000000000e+04 1.002900000000000000e+04 1.003000000000000000e+04 1.003100000000000000e+04 1.003200000000000000e+04 1.003300000000000000e+04 1.003400000000000000e+04
1.102400000000000000e+04 1.102500000000000000e+04 1.102600000000000000e+04 1.102700000000000000e+04 1.102900000000000000e+04 1.103000000000000000e+04 1.103100000000000000e+04 1.103200000000000000e+04 1.103300000000000000e+04 1.103400000000000000e+04
1.202400000000000000e+04 1.202500000000000000e+04 1.202600000000000000e+04 1.202700000000000000e+04 1.202900000000000000e+04 1.203000000000000000e+04 1.203100000000000000e+04 1.203200000000000000e+04 1.203300000000000000e+04 1.203400000000000000e+04
