3.501300000000000000e+04 3.501400000000000000e+04 3.501500000000000000e+04 3.501600000000000000e+04 3.501700000000000000e+04 3.501800000000000000e+04 3.502000000000000000e+04 3.502100000000000000e+04 3.502200000000000000e+04 3.502300000000000000e+04
3.601300000000000000e+04 3.601400000000000000e+04 3.601500000000000000e+04 3.601600000000000000e+04 3.601700000000000000e+04 3.601800000000000000e+04 3.602000000000000000e+04 3.602100000000000000e+04 3.602200000000000000e+04 3.602300000000000000e+04
3.701300000000000000e+04 3.701400000000000000e+04 3.701500000000000000e+04 3.701600000000000000e+04 3.701700000000000000e+04 3.701800000000000000e+04 3.702000000000000000e+04 3.702100000000000000e+04 3.702200000000000000e+04 3.702300000000000000e+04
3.801300000000000000e+04 3.801400000000000000e+04 3.801500000000000000e+04 3.801600000000000000e+04 3.801700000000000000e+04 3.801800000000000000e+04 3.802000000000000000e+04 3.802100000000000000e+04 3.802200000000000000e+04 3.802300000000000000e+04
3.901300000000000000e+04 3.901400000000000000e+04 3.901500000000000000e+04 3.901600000000000000e+04 3.901700000000000000e+04 3.901800000000000000e+04 3.902000000000000000e+04 3.902100000000000000e+04 3.902200000000000000e+04 3.902300000000000000e+04
4.001300000000000000e+04 4.001400000000000000e+04 4.001500000000000000e+04 4.001600000000000000e+04 4.001700000000000000e+04 4.001800000000000000e+04 4.002000000000000000e+04 4.002100000000000000e+04 4.002200000000000000e+04 4.002300000000000000e+04
4.101300000000000000e+04 4.101400000000000000e+04 4.101500000000000000e+04 4.101600000000000000e+04 4.101700000000000000e+04 4.101800000000000000e+04 4.102000000000000000e+04 4.102100000000000000e+04 4.102200000000000000e+04 4.102300000000000000e+04
4.201300000000000000e+04 4.201400000000000000e+04 4.201500000000000000e+04 4.201600000000000000e+04 4.201700000000000000e+04 4.201800000000000000e+04 4.202000000000000000e+04 4.202100000000000000e+04 4.202200000000000000e+04 4.202300000000000000e+04
4.301300000000000000e+04 4.301400000000000000e+04 4.301500000000000000e+04 4.301600000000000000e+04 4.301700000000000000e+04 4.301800000000000000e+04 4.302000000000000000e+04 4.302100000000000000e+04 4.302200000000000000e+04 4.302300000000000000e+04
4.401300000000000000e+04 4.401400000000000000e+04 4.401500000000000000e+04 4.401600000000000000e+04 4.401700000000000000e+04 4.401800000000000000e+04 4.402000000000000000e+04 4.402100000000000000e+04 4.402200000000000000e+04 4.402300000000000000e+04
