3.001000000000000000e+03 2.212000000000000000e+03 8.743000000000000000e+03 -1.000000000000000000e+00 6.870000000000000000e+02 4.492000000000000000e+03 6.538000000000000000e+03 2.723000000000000000e+03 4.138000000000000000e+03 4.104000000000000000e+03
5.217000000000000000e+03 3.435000000000000000e+03 4.807000000000000000e+03 -1.000000000000000000e+00 3.278000000000000000e+03 6.557000000000000000e+03 3.162000000000000000e+03 4.059000000000000000e+03 6.203000000000000000e+03 6.169000000000000000e+03
7.778000000000000000e+03 6.399000000000000000e+03 3.142000000000000000e+03 -1.000000000000000000e+00 7.284000000000000000e+03 9.118000000000000000e+03 3.223000000000000000e+03 7.000000000000000000e+03 8.765000000000000000e+03 8.731000000000000000e+03
2.243000000000000000e+03 3.150000000000000000e+02 8.693000000000000000e+03 -1.000000000000000000e+00 1.214000000000000000e+03 3.583000000000000000e+03 4.993000000000000000e+03 9.640000000000000000e+02 3.229000000000000000e+03 3.195000000000000000e+03
6.704000000000000000e+03 5.324000000000000000e+03 3.287000000000000000e+03 -1.000000000000000000e+00 6.209000000000000000e+03 8.044000000000000000e+03 3.168000000000000000e+03 5.925000000000000000e+03 7.690000000000000000e+03 7.656000000000000000e+03
8.046000000000000000e+03 6.667000000000000000e+03 2.339000000000000000e+03 -1.000000000000000000e+00 7.552000000000000000e+03 9.386000000000000000e+03 2.420000000000000000e+03 7.267000000000000000e+03 9.032000000000000000e+03 8.998000000000000000e+03
1.272000000000000000e+03 3.361000000000000000e+03 1.084400000000000000e+04 -1.000000000000000000e+00 3.606000000000000000e+03 5.760000000000000000e+02 7.144000000000000000e+03 2.496000000000000000e+03 4.940000000000000000e+02 5.610000000000000000e+02
3.244000000000000000e+03 1.147000000000000000e+03 8.661000000000000000e+03 -1.000000000000000000e+00 1.309000000000000000e+03 4.584000000000000000e+03 3.816000000000000000e+03 2.085000000000000000e+03 4.230000000000000000e+03 4.196000000000000000e+03
7.660000000000000000e+02 2.854000000000000000e+03 1.033700000000000000e+04 -1.000000000000000000e+00 2.596000000000000000e+03 1.701000000000000000e+03 6.637000000000000000e+03 1.990000000000000000e+03 7.350000000000000000e+02 1.632000000000000000e+03
8.520000000000000000e+02 2.394000000000000000e+03 9.878000000000000000e+03 -1.000000000000000000e+00 3.399000000000000000e+03 1.323000000000000000e+03 6.177000000000000000e+03 1.530000000000000000e+03 1.390000000000000000e+03 8.210000000000000000e+02
