1.092000000000000000e+03 2.495000000000000000e+03 3.990000000000000000e+03 4.562000000000000000e+03 4.513000000000000000e+03 1.521000000000000000e+03 5.310000000000000000e+03 5.400000000000000000e+03 6.929000000000000000e+03
4.900000000000000000e+02 5.420000000000000000e+02 2.887000000000000000e+03 3.651000000000000000e+03 3.551000000000000000e+03 2.683000000000000000e+03 3.356000000000000000e+03 4.489000000000000000e+03 4.975000000000000000e+03
5.240000000000000000e+03 5.440000000000000000e+03 3.353000000000000000e+03 1.681000000000000000e+03 2.837000000000000000e+03 7.633000000000000000e+03 3.747000000000000000e+03 2.605000000000000000e+03 4.087000000000000000e+03
3.883000000000000000e+03 3.715000000000000000e+03 1.990000000000000000e+03 1.168000000000000000e+03 2.712000000000000000e+03 6.700000000000000000e+03 2.665000000000000000e+03 1.523000000000000000e+03 3.005000000000000000e+03
2.211000000000000000e+03 1.884000000000000000e+03 1.011000000000000000e+03 1.371000000000000000e+03 1.732000000000000000e+03 5.721000000000000000e+03 1.894000000000000000e+03 2.208000000000000000e+03 3.067000000000000000e+03
1.642000000000000000e+03 1.878000000000000000e+03 1.368000000000000000e+03 1.728000000000000000e+03 2.090000000000000000e+03 4.057000000000000000e+03 3.421000000000000000e+03 2.566000000000000000e+03 3.425000000000000000e+03
1.861000000000000000e+03 8.800000000000000000e+02 3.531000000000000000e+03 2.970000000000000000e+03 4.252000000000000000e+03 3.340000000000000000e+03 2.485000000000000000e+03 3.872000000000000000e+03 4.104000000000000000e+03
3.060000000000000000e+02 1.234000000000000000e+03 2.024000000000000000e+03 2.957000000000000000e+03 2.546000000000000000e+03 2.721000000000000000e+03 3.689000000000000000e+03 3.795000000000000000e+03 4.653000000000000000e+03
4.750000000000000000e+02 1.403000000000000000e+03 2.205000000000000000e+03 3.878000000000000000e+03 3.051000000000000000e+03 2.302000000000000000e+03 5.358000000000000000e+03 4.502000000000000000e+03 5.361000000000000000e+03
2.950000000000000000e+03 2.404000000000000000e+03 1.057000000000000000e+03 1.001000000000000000e+03 1.779000000000000000e+03 5.767000000000000000e+03 2.695000000000000000e+03 1.839000000000000000e+03 2.698000000000000000e+03
