7.390000000000000000e+03 5.370000000000000000e+03 1.705000000000000000e+03 1.539000000000000000e+03 3.115000000000000000e+03 4.019000000000000000e+03 4.166000000000000000e+03 4.698000000000000000e+03 5.114000000000000000e+03 2.367000000000000000e+03
2.696000000000000000e+03 1.152000000000000000e+03 3.693000000000000000e+03 3.421000000000000000e+03 1.908000000000000000e+03 1.589000000000000000e+03 1.027000000000000000e+03 1.255000000000000000e+03 1.806000000000000000e+03 2.578000000000000000e+03
3.569000000000000000e+03 2.281000000000000000e+03 2.883000000000000000e+03 2.612000000000000000e+03 1.461000000000000000e+03 1.699000000000000000e+03 1.121000000000000000e+03 2.364000000000000000e+03 2.915000000000000000e+03 1.775000000000000000e+03
1.983000000000000000e+03 2.079000000000000000e+03 5.308000000000000000e+03 5.037000000000000000e+03 3.524000000000000000e+03 3.117000000000000000e+03 1.791000000000000000e+03 2.801000000000000000e+03 2.939000000000000000e+03 4.194000000000000000e+03
4.831000000000000000e+03 5.027000000000000000e+03 8.405000000000000000e+03 7.658000000000000000e+03 6.869000000000000000e+03 5.923000000000000000e+03 6.386000000000000000e+03 5.382000000000000000e+03 4.450000000000000000e+03 6.757000000000000000e+03
1.749000000000000000e+03 2.369000000000000000e+03 6.421000000000000000e+03 6.150000000000000000e+03 4.456000000000000000e+03 4.051000000000000000e+03 2.722000000000000000e+03 3.060000000000000000e+03 2.863000000000000000e+03 5.307000000000000000e+03
8.320000000000000000e+03 6.300000000000000000e+03 2.635000000000000000e+03 2.470000000000000000e+03 4.045000000000000000e+03 4.949000000000000000e+03 4.348000000000000000e+03 5.628000000000000000e+03 6.044000000000000000e+03 3.297000000000000000e+03
4.310000000000000000e+02 2.021000000000000000e+03 5.567000000000000000e+03 5.295000000000000000e+03 4.611000000000000000e+03 3.168000000000000000e+03 3.254000000000000000e+03 1.957000000000000000e+03 1.974000000000000000e+03 4.452000000000000000e+03
1.204000000000000000e+03 1.400000000000000000e+03 5.821000000000000000e+03 5.074000000000000000e+03 4.285000000000000000e+03 3.340000000000000000e+03 2.759000000000000000e+03 1.402000000000000000e+03 2.790000000000000000e+03 4.173000000000000000e+03
5.230000000000000000e+02 1.538000000000000000e+03 5.200000000000000000e+03 4.929000000000000000e+03 3.926000000000000000e+03 2.801000000000000000e+03 3.351000000000000000e+03 1.982000000000000000e+03 1.608000000000000000e+03 4.086000000000000000e+03
