5.960000000000000000e+03 3.086000000000000000e+03 3.158000000000000000e+03 2.394000000000000000e+03 3.895000000000000000e+03 2.213000000000000000e+03 6.690000000000000000e+03 4.670000000000000000e+02 8.720000000000000000e+02 3.730000000000000000e+02
5.049000000000000000e+03 1.132000000000000000e+03 1.993000000000000000e+03 2.033000000000000000e+03 5.052000000000000000e+03 2.284000000000000000e+03 5.779000000000000000e+03 1.990000000000000000e+03 1.353000000000000000e+03 1.564000000000000000e+03
3.383000000000000000e+03 5.333000000000000000e+03 3.211000000000000000e+03 7.503000000000000000e+03 8.651000000000000000e+03 8.906000000000000000e+03 3.190000000000000000e+03 7.002000000000000000e+03 6.304000000000000000e+03 6.634000000000000000e+03
2.301000000000000000e+03 3.608000000000000000e+03 2.698000000000000000e+03 5.244000000000000000e+03 7.719000000000000000e+03 6.277000000000000000e+03 2.108000000000000000e+03 6.070000000000000000e+03 5.372000000000000000e+03 5.701000000000000000e+03
2.768000000000000000e+03 1.777000000000000000e+03 1.707000000000000000e+03 3.413000000000000000e+03 6.739000000000000000e+03 4.694000000000000000e+03 3.499000000000000000e+03 5.090000000000000000e+03 4.392000000000000000e+03 4.722000000000000000e+03
3.126000000000000000e+03 1.771000000000000000e+03 1.701000000000000000e+03 3.407000000000000000e+03 7.097000000000000000e+03 4.036000000000000000e+03 3.856000000000000000e+03 3.003000000000000000e+03 2.245000000000000000e+03 2.746000000000000000e+03
4.184000000000000000e+03 1.000000000000000000e+03 1.121000000000000000e+03 1.781000000000000000e+03 7.466000000000000000e+03 2.859000000000000000e+03 4.759000000000000000e+03 3.088000000000000000e+03 2.723000000000000000e+03 3.226000000000000000e+03
4.355000000000000000e+03 1.518000000000000000e+03 2.325000000000000000e+03 2.726000000000000000e+03 4.738000000000000000e+03 2.701000000000000000e+03 5.085000000000000000e+03 1.667000000000000000e+03 1.039000000000000000e+03 1.411000000000000000e+03
5.062000000000000000e+03 1.687000000000000000e+03 2.494000000000000000e+03 2.894000000000000000e+03 4.203000000000000000e+03 2.654000000000000000e+03 5.793000000000000000e+03 1.331000000000000000e+03 6.120000000000000000e+02 1.303000000000000000e+03
2.399000000000000000e+03 2.296000000000000000e+03 2.149000000000000000e+03 3.933000000000000000e+03 6.786000000000000000e+03 5.344000000000000000e+03 3.130000000000000000e+03 5.136000000000000000e+03 4.438000000000000000e+03 4.768000000000000000e+03
