3.280000000000000000e+03 3.145000000000000000e+03 1.387000000000000000e+03 6.830000000000000000e+02 2.109000000000000000e+03 6.098000000000000000e+03 2.092000000000000000e+03 1.237000000000000000e+03 2.095000000000000000e+03
1.160000000000000000e+03 1.411000000000000000e+03 1.731000000000000000e+03 2.091000000000000000e+03 2.453000000000000000e+03 3.821000000000000000e+03 2.679000000000000000e+03 2.929000000000000000e+03 3.788000000000000000e+03
7.732000000000000000e+03 8.661000000000000000e+03 8.793000000000000000e+03 1.046600000000000000e+04 8.086000000000000000e+03 4.294000000000000000e+03 1.194600000000000000e+04 1.109000000000000000e+04 1.194900000000000000e+04
-1.000000000000000000e+00 -1.000000000000000000e+00 -1.000000000000000000e+00 -1.000000000000000000e+00 -1.000000000000000000e+00 -1.000000000000000000e+00 -1.000000000000000000e+00 -1.000000000000000000e+00 -1.000000000000000000e+00
1.918000000000000000e+03 9.370000000000000000e+02 2.966000000000000000e+03 2.390000000000000000e+03 3.688000000000000000e+03 4.205000000000000000e+03 1.905000000000000000e+03 3.292000000000000000e+03 3.524000000000000000e+03
4.792000000000000000e+03 4.624000000000000000e+03 2.899000000000000000e+03 2.042000000000000000e+03 2.442000000000000000e+03 7.610000000000000000e+03 2.986000000000000000e+03 1.845000000000000000e+03 3.327000000000000000e+03
3.642000000000000000e+03 4.570000000000000000e+03 5.716000000000000000e+03 7.448000000000000000e+03 5.548000000000000000e+03 2.673000000000000000e+03 8.927000000000000000e+03 8.072000000000000000e+03 8.931000000000000000e+03
2.900000000000000000e+03 1.830000000000000000e+03 1.008000000000000000e+03 1.368000000000000000e+03 1.729000000000000000e+03 5.718000000000000000e+03 3.061000000000000000e+03 2.206000000000000000e+03 3.064000000000000000e+03
4.121000000000000000e+03 3.954000000000000000e+03 2.229000000000000000e+03 1.372000000000000000e+03 2.950000000000000000e+03 6.939000000000000000e+03 2.316000000000000000e+03 1.174000000000000000e+03 2.656000000000000000e+03
4.092000000000000000e+03 3.924000000000000000e+03 2.199000000000000000e+03 1.521000000000000000e+03 1.518000000000000000e+03 7.368000000000000000e+03 2.934000000000000000e+03 1.793000000000000000e+03 3.274000000000000000e+03
