6.806000000000000000e+03 3.309000000000000000e+03 3.774000000000000000e+03 1.539000000000000000e+03 4.424000000000000000e+03 1.057000000000000000e+03 7.536000000000000000e+03 9.140000000000000000e+02 2.529000000000000000e+03 1.650000000000000000e+03
3.151000000000000000e+03 7.490000000000000000e+02 5.850000000000000000e+02 3.101000000000000000e+03 7.407000000000000000e+03 4.382000000000000000e+03 3.882000000000000000e+03 4.188000000000000000e+03 3.331000000000000000e+03 3.617000000000000000e+03
5.739000000000000000e+03 1.921000000000000000e+03 2.782000000000000000e+03 1.826000000000000000e+03 5.425000000000000000e+03 1.755000000000000000e+03 6.470000000000000000e+03 1.461000000000000000e+03 1.726000000000000000e+03 1.385000000000000000e+03
3.474000000000000000e+03 3.297000000000000000e+03 3.566000000000000000e+03 4.933000000000000000e+03 7.419000000000000000e+03 7.673000000000000000e+03 3.281000000000000000e+03 5.769000000000000000e+03 5.071000000000000000e+03 5.401000000000000000e+03
5.010000000000000000e+02 4.898000000000000000e+03 3.759000000000000000e+03 6.534000000000000000e+03 9.009000000000000000e+03 7.567000000000000000e+03 8.170000000000000000e+02 7.360000000000000000e+03 6.661000000000000000e+03 6.991000000000000000e+03
9.260000000000000000e+03 5.482000000000000000e+03 6.289000000000000000e+03 5.648000000000000000e+03 2.225000000000000000e+03 4.364000000000000000e+03 9.990000000000000000e+03 4.218000000000000000e+03 3.387000000000000000e+03 3.677000000000000000e+03
7.873000000000000000e+03 4.096000000000000000e+03 4.903000000000000000e+03 4.421000000000000000e+03 3.185000000000000000e+03 4.117000000000000000e+03 8.604000000000000000e+03 2.624000000000000000e+03 2.001000000000000000e+03 2.291000000000000000e+03
6.322000000000000000e+03 3.006000000000000000e+03 3.813000000000000000e+03 4.213000000000000000e+03 2.803000000000000000e+03 3.055000000000000000e+03 7.053000000000000000e+03 1.151000000000000000e+03 9.110000000000000000e+02 1.419000000000000000e+03
7.173000000000000000e+03 3.555000000000000000e+03 4.186000000000000000e+03 1.951000000000000000e+03 4.180000000000000000e+03 7.140000000000000000e+02 7.904000000000000000e+03 7.560000000000000000e+02 2.182000000000000000e+03 1.091000000000000000e+03
5.209000000000000000e+03 1.391000000000000000e+03 2.184000000000000000e+03 7.280000000000000000e+02 7.446000000000000000e+03 1.807000000000000000e+03 5.940000000000000000e+03 2.035000000000000000e+03 2.703000000000000000e+03 2.032000000000000000e+03
