6.819000000000000000e+03 3.050000000000000000e+03 5.786000000000000000e+03 2.473000000000000000e+03 1.006000000000000000e+03 9.056000000000000000e+03 7.262000000000000000e+03 6.405000000000000000e+03 7.957000000000000000e+03 5.639000000000000000e+03
2.857000000000000000e+03 7.490000000000000000e+02 1.567000000000000000e+03 5.145000000000000000e+03 4.426000000000000000e+03 5.698000000000000000e+03 3.904000000000000000e+03 3.047000000000000000e+03 3.482000000000000000e+03 1.329000000000000000e+03
3.730000000000000000e+03 7.090000000000000000e+02 2.697000000000000000e+03 2.917000000000000000e+03 3.466000000000000000e+03 7.169000000000000000e+03 5.375000000000000000e+03 4.518000000000000000e+03 4.124000000000000000e+03 2.132000000000000000e+03
1.659000000000000000e+03 2.713000000000000000e+03 1.493000000000000000e+03 6.821000000000000000e+03 6.042000000000000000e+03 5.793000000000000000e+03 4.023000000000000000e+03 3.609000000000000000e+03 1.895000000000000000e+03 7.280000000000000000e+02
5.170000000000000000e+03 6.942000000000000000e+03 5.561000000000000000e+03 7.747000000000000000e+03 8.662000000000000000e+03 1.967000000000000000e+03 2.795000000000000000e+03 3.846000000000000000e+03 5.398000000000000000e+03 6.332000000000000000e+03
1.473000000000000000e+03 3.644000000000000000e+03 1.918000000000000000e+03 6.766000000000000000e+03 7.155000000000000000e+03 4.091000000000000000e+03 2.879000000000000000e+03 4.166000000000000000e+03 7.800000000000000000e+02 1.660000000000000000e+03
7.749000000000000000e+03 3.232000000000000000e+03 6.716000000000000000e+03 3.403000000000000000e+03 7.620000000000000000e+02 9.986000000000000000e+03 8.192000000000000000e+03 7.335000000000000000e+03 8.887000000000000000e+03 6.569000000000000000e+03
5.780000000000000000e+02 3.799000000000000000e+03 1.570000000000000000e+03 6.577000000000000000e+03 6.300000000000000000e+03 4.075000000000000000e+03 2.304000000000000000e+03 2.167000000000000000e+03 7.560000000000000000e+02 2.382000000000000000e+03
1.652000000000000000e+03 4.359000000000000000e+03 1.934000000000000000e+03 5.164000000000000000e+03 6.079000000000000000e+03 3.404000000000000000e+03 1.610000000000000000e+03 7.530000000000000000e+02 1.880000000000000000e+03 2.705000000000000000e+03
1.047000000000000000e+03 2.903000000000000000e+03 1.667000000000000000e+03 6.211000000000000000e+03 5.934000000000000000e+03 3.970000000000000000e+03 1.592000000000000000e+03 1.800000000000000000e+03 1.091000000000000000e+03 2.480000000000000000e+03
