5.664000000000000000e+03 3.644000000000000000e+03 1.405000000000000000e+03 8.290000000000000000e+02 1.418000000000000000e+03 2.293000000000000000e+03 3.335000000000000000e+03 2.972000000000000000e+03 3.388000000000000000e+03 6.410000000000000000e+02
2.679000000000000000e+03 1.256000000000000000e+03 2.860000000000000000e+03 2.588000000000000000e+03 1.585000000000000000e+03 3.630000000000000000e+02 2.290000000000000000e+03 8.540000000000000000e+02 1.405000000000000000e+03 1.746000000000000000e+03
5.733000000000000000e+03 8.119000000000000000e+03 1.149600000000000000e+04 1.074900000000000000e+04 9.960000000000000000e+03 9.015000000000000000e+03 8.561000000000000000e+03 8.474000000000000000e+03 6.883000000000000000e+03 9.848000000000000000e+03
-1.000000000000000000e+00 -1.000000000000000000e+00 -1.000000000000000000e+00 -1.000000000000000000e+00 -1.000000000000000000e+00 -1.000000000000000000e+00 -1.000000000000000000e+00 -1.000000000000000000e+00 -1.000000000000000000e+00 -1.000000000000000000e+00
3.062000000000000000e+03 1.428000000000000000e+03 3.425000000000000000e+03 3.153000000000000000e+03 2.002000000000000000e+03 1.904000000000000000e+03 5.800000000000000000e+02 1.812000000000000000e+03 2.364000000000000000e+03 2.316000000000000000e+03
7.176000000000000000e+03 5.156000000000000000e+03 7.380000000000000000e+02 1.326000000000000000e+03 2.901000000000000000e+03 3.805000000000000000e+03 4.729000000000000000e+03 4.484000000000000000e+03 4.900000000000000000e+03 2.153000000000000000e+03
3.583000000000000000e+03 4.029000000000000000e+03 6.935000000000000000e+03 7.731000000000000000e+03 6.942000000000000000e+03 4.850000000000000000e+03 6.412000000000000000e+03 4.030000000000000000e+03 4.346000000000000000e+03 6.830000000000000000e+03
3.517000000000000000e+03 2.094000000000000000e+03 2.136000000000000000e+03 1.865000000000000000e+03 8.620000000000000000e+02 2.960000000000000000e+02 2.681000000000000000e+03 2.592000000000000000e+03 3.008000000000000000e+03 1.022000000000000000e+03
6.505000000000000000e+03 4.486000000000000000e+03 8.160000000000000000e+02 6.550000000000000000e+02 2.230000000000000000e+03 3.134000000000000000e+03 4.058000000000000000e+03 3.813000000000000000e+03 4.229000000000000000e+03 1.482000000000000000e+03
6.935000000000000000e+03 4.457000000000000000e+03 3.130000000000000000e+02 1.142000000000000000e+03 2.201000000000000000e+03 3.105000000000000000e+03 4.173000000000000000e+03 3.784000000000000000e+03 4.659000000000000000e+03 1.453000000000000000e+03
