2.199000000000000000e+03 2.719000000000000000e+03 4.475000000000000000e+03 5.408000000000000000e+03 5.308000000000000000e+03 1.041000000000000000e+03 5.137000000000000000e+03 6.246000000000000000e+03 6.756000000000000000e+03
2.333000000000000000e+03 1.572000000000000000e+03 1.679000000000000000e+03 1.638000000000000000e+03 2.400000000000000000e+03 4.881000000000000000e+03 1.675000000000000000e+03 2.591000000000000000e+03 3.294000000000000000e+03
7.400000000000000000e+02 1.331000000000000000e+03 3.091000000000000000e+03 4.004000000000000000e+03 3.924000000000000000e+03 2.155000000000000000e+03 4.145000000000000000e+03 5.179000000000000000e+03 5.765000000000000000e+03
4.008000000000000000e+03 3.405000000000000000e+03 2.121000000000000000e+03 2.418000000000000000e+03 5.660000000000000000e+02 6.400000000000000000e+03 3.898000000000000000e+03 2.696000000000000000e+03 3.901000000000000000e+03
5.173000000000000000e+03 5.005000000000000000e+03 3.280000000000000000e+03 2.039000000000000000e+03 4.002000000000000000e+03 7.990000000000000000e+03 2.400000000000000000e+03 1.013000000000000000e+03 1.351000000000000000e+03
4.270000000000000000e+03 5.198000000000000000e+03 8.585000000000000000e+03 8.076000000000000000e+03 6.176000000000000000e+03 2.979000000000000000e+03 9.555000000000000000e+03 8.700000000000000000e+03 9.559000000000000000e+03
2.884000000000000000e+03 3.812000000000000000e+03 4.957000000000000000e+03 6.689000000000000000e+03 4.789000000000000000e+03 1.914000000000000000e+03 8.169000000000000000e+03 7.313000000000000000e+03 8.172000000000000000e+03
1.794000000000000000e+03 2.722000000000000000e+03 3.465000000000000000e+03 5.138000000000000000e+03 4.408000000000000000e+03 1.558000000000000000e+03 6.618000000000000000e+03 5.762000000000000000e+03 6.621000000000000000e+03
2.567000000000000000e+03 2.965000000000000000e+03 4.843000000000000000e+03 5.776000000000000000e+03 5.784000000000000000e+03 3.370000000000000000e+02 5.549000000000000000e+03 6.613000000000000000e+03 7.168000000000000000e+03
1.921000000000000000e+03 8.010000000000000000e+02 3.451000000000000000e+03 3.474000000000000000e+03 4.173000000000000000e+03 2.287000000000000000e+03 3.547000000000000000e+03 4.649000000000000000e+03 5.166000000000000000e+03
