3.286000000000000000e+03 1.804000000000000000e+03 1.893000000000000000e+03 4.146000000000000000e+03 4.695000000000000000e+03 7.671000000000000000e+03 5.900000000000000000e+03 3.584000000000000000e+03 3.522000000000000000e+03 1.627000000000000000e+03
3.690000000000000000e+02 3.783000000000000000e+03 1.674000000000000000e+03 6.522000000000000000e+03 6.911000000000000000e+03 3.736000000000000000e+03 2.524000000000000000e+03 3.131000000000000000e+03 3.690000000000000000e+02 1.636000000000000000e+03
5.979000000000000000e+03 7.752000000000000000e+03 6.371000000000000000e+03 8.557000000000000000e+03 9.472000000000000000e+03 2.351000000000000000e+03 3.605000000000000000e+03 4.656000000000000000e+03 6.208000000000000000e+03 7.142000000000000000e+03
2.823000000000000000e+03 8.070000000000000000e+02 1.654000000000000000e+03 4.656000000000000000e+03 3.937000000000000000e+03 6.149000000000000000e+03 4.355000000000000000e+03 3.498000000000000000e+03 3.526000000000000000e+03 1.801000000000000000e+03
4.905000000000000000e+03 6.677000000000000000e+03 5.296000000000000000e+03 7.483000000000000000e+03 8.398000000000000000e+03 2.496000000000000000e+03 2.530000000000000000e+03 3.581000000000000000e+03 5.133000000000000000e+03 6.067000000000000000e+03
6.247000000000000000e+03 8.020000000000000000e+03 6.639000000000000000e+03 8.825000000000000000e+03 9.740000000000000000e+03 1.548000000000000000e+03 3.872000000000000000e+03 4.924000000000000000e+03 4.262000000000000000e+03 7.409000000000000000e+03
6.062000000000000000e+03 2.899000000000000000e+03 5.029000000000000000e+03 1.308000000000000000e+03 1.555000000000000000e+03 8.300000000000000000e+03 6.506000000000000000e+03 5.649000000000000000e+03 7.200000000000000000e+03 4.882000000000000000e+03
2.030000000000000000e+03 1.265000000000000000e+03 8.610000000000000000e+02 4.549000000000000000e+03 4.938000000000000000e+03 4.972000000000000000e+03 3.178000000000000000e+03 2.321000000000000000e+03 2.733000000000000000e+03 1.632000000000000000e+03
5.556000000000000000e+03 1.890000000000000000e+03 4.522000000000000000e+03 1.798000000000000000e+03 1.346000000000000000e+03 7.793000000000000000e+03 5.999000000000000000e+03 5.142000000000000000e+03 6.694000000000000000e+03 4.375000000000000000e+03
5.096000000000000000e+03 2.234000000000000000e+03 4.063000000000000000e+03 5.630000000000000000e+02 2.476000000000000000e+03 7.333000000000000000e+03 5.539000000000000000e+03 4.682000000000000000e+03 6.234000000000000000e+03 3.949000000000000000e+03
