5.006000000000000000e+03 4.838000000000000000e+03 3.113000000000000000e+03 1.872000000000000000e+03 3.835000000000000000e+03 7.824000000000000000e+03 1.686000000000000000e+03 6.810000000000000000e+02 1.512000000000000000e+03
1.642000000000000000e+03 5.900000000000000000e+02 2.564000000000000000e+03 2.586000000000000000e+03 3.286000000000000000e+03 3.838000000000000000e+03 2.323000000000000000e+03 3.762000000000000000e+03 3.942000000000000000e+03
2.405000000000000000e+03 1.444000000000000000e+03 2.284000000000000000e+03 1.849000000000000000e+03 3.006000000000000000e+03 4.711000000000000000e+03 1.363000000000000000e+03 2.750000000000000000e+03 2.982000000000000000e+03
2.133000000000000000e+03 1.529000000000000000e+03 4.180000000000000000e+03 4.202000000000000000e+03 4.901000000000000000e+03 2.232000000000000000e+03 4.275000000000000000e+03 5.377000000000000000e+03 5.894000000000000000e+03
4.641000000000000000e+03 5.569000000000000000e+03 5.702000000000000000e+03 7.375000000000000000e+03 5.652000000000000000e+03 4.344000000000000000e+03 8.854000000000000000e+03 7.998000000000000000e+03 8.857000000000000000e+03
2.444000000000000000e+03 2.461000000000000000e+03 4.720000000000000000e+03 5.134000000000000000e+03 5.553000000000000000e+03 1.062000000000000000e+03 5.207000000000000000e+03 6.491000000000000000e+03 6.826000000000000000e+03
5.936000000000000000e+03 5.768000000000000000e+03 4.043000000000000000e+03 2.802000000000000000e+03 4.765000000000000000e+03 8.754000000000000000e+03 1.868000000000000000e+03 7.280000000000000000e+02 5.850000000000000000e+02
1.395000000000000000e+03 2.616000000000000000e+03 4.532000000000000000e+03 4.798000000000000000e+03 5.054000000000000000e+03 8.400000000000000000e+02 5.430000000000000000e+03 5.636000000000000000e+03 7.049000000000000000e+03
1.014000000000000000e+03 1.942000000000000000e+03 3.118000000000000000e+03 4.791000000000000000e+03 3.641000000000000000e+03 1.747000000000000000e+03 6.271000000000000000e+03 5.415000000000000000e+03 6.274000000000000000e+03
1.105000000000000000e+03 2.080000000000000000e+03 4.165000000000000000e+03 4.432000000000000000e+03 4.688000000000000000e+03 1.377000000000000000e+03 4.534000000000000000e+03 5.269000000000000000e+03 6.128000000000000000e+03
