0.000000000000000000e+00 2.392000000000000000e+03 9.875000000000000000e+03 -1.000000000000000000e+00 2.755000000000000000e+03 1.480000000000000000e+03 6.174000000000000000e+03 1.560000000000000000e+03 1.126000000000000000e+03 1.092000000000000000e+03
1.899000000000000000e+03 0.000000000000000000e+00 8.378000000000000000e+03 -1.000000000000000000e+00 1.941000000000000000e+03 3.239000000000000000e+03 4.677000000000000000e+03 6.600000000000000000e+02 2.885000000000000000e+03 2.851000000000000000e+03
1.006000000000000000e+04 8.681000000000000000e+03 0.000000000000000000e+00 -1.000000000000000000e+00 9.566000000000000000e+03 1.140000000000000000e+04 2.790000000000000000e+03 9.282000000000000000e+03 1.104700000000000000e+04 1.101200000000000000e+04
-1.000000000000000000e+00 -1.000000000000000000e+00 -1.000000000000000000e+00 0.000000000000000000e+00 -1.000000000000000000e+00 -1.000000000000000000e+00 -1.000000000000000000e+00 -1.000000000000000000e+00 -1.000000000000000000e+00 -1.000000000000000000e+00
2.314000000000000000e+03 1.541000000000000000e+03 8.432000000000000000e+03 -1.000000000000000000e+00 0.000000000000000000e+00 3.804000000000000000e+03 5.028000000000000000e+03 2.052000000000000000e+03 3.451000000000000000e+03 3.416000000000000000e+03
1.815000000000000000e+03 3.904000000000000000e+03 1.138700000000000000e+04 -1.000000000000000000e+00 4.149000000000000000e+03 0.000000000000000000e+00 7.686000000000000000e+03 3.039000000000000000e+03 1.036000000000000000e+03 9.440000000000000000e+02
7.042000000000000000e+03 4.572000000000000000e+03 2.228000000000000000e+03 -1.000000000000000000e+00 5.476000000000000000e+03 8.382000000000000000e+03 0.000000000000000000e+00 6.835000000000000000e+03 8.028000000000000000e+03 7.994000000000000000e+03
1.176000000000000000e+03 9.410000000000000000e+02 9.495000000000000000e+03 -1.000000000000000000e+00 2.086000000000000000e+03 2.516000000000000000e+03 5.795000000000000000e+03 0.000000000000000000e+00 2.162000000000000000e+03 2.128000000000000000e+03
1.144000000000000000e+03 3.233000000000000000e+03 1.071600000000000000e+04 -1.000000000000000000e+00 3.478000000000000000e+03 8.500000000000000000e+02 7.016000000000000000e+03 2.368000000000000000e+03 0.000000000000000000e+00 8.330000000000000000e+02
1.260000000000000000e+03 3.204000000000000000e+03 1.114600000000000000e+04 -1.000000000000000000e+00 3.593000000000000000e+03 8.080000000000000000e+02 7.445000000000000000e+03 2.339000000000000000e+03 9.830000000000000000e+02 0.000000000000000000e+00
