0.000000000000000000e+00 3.877000000000000000e+03 3.045000000000000000e+03 6.367000000000000000e+03 8.842000000000000000e+03 7.400000000000000000e+03 1.188000000000000000e+03 7.193000000000000000e+03 6.495000000000000000e+03 6.825000000000000000e+03
4.023000000000000000e+03 0.000000000000000000e+00 9.600000000000000000e+02 2.057000000000000000e+03 6.629000000000000000e+03 3.338000000000000000e+03 5.052000000000000000e+03 3.144000000000000000e+03 2.294000000000000000e+03 2.580000000000000000e+03
3.063000000000000000e+03 8.320000000000000000e+02 0.000000000000000000e+00 2.861000000000000000e+03 6.955000000000000000e+03 3.980000000000000000e+03 3.637000000000000000e+03 4.017000000000000000e+03 3.403000000000000000e+03 3.689000000000000000e+03
5.938000000000000000e+03 2.119000000000000000e+03 2.912000000000000000e+03 0.000000000000000000e+00 5.815000000000000000e+03 9.300000000000000000e+02 6.668000000000000000e+03 1.980000000000000000e+03 2.855000000000000000e+03 2.356000000000000000e+03
8.558000000000000000e+03 5.853000000000000000e+03 7.611000000000000000e+03 7.060000000000000000e+03 0.000000000000000000e+00 6.537000000000000000e+03 9.289000000000000000e+03 4.633000000000000000e+03 3.935000000000000000e+03 4.265000000000000000e+03
7.051000000000000000e+03 3.051000000000000000e+03 3.844000000000000000e+03 9.320000000000000000e+02 4.904000000000000000e+03 0.000000000000000000e+00 7.781000000000000000e+03 1.746000000000000000e+03 3.412000000000000000e+03 2.845000000000000000e+03
5.640000000000000000e+02 4.059000000000000000e+03 3.227000000000000000e+03 7.297000000000000000e+03 9.772000000000000000e+03 8.330000000000000000e+03 0.000000000000000000e+00 8.123000000000000000e+03 7.425000000000000000e+03 7.755000000000000000e+03
6.196000000000000000e+03 3.206000000000000000e+03 4.067000000000000000e+03 2.148000000000000000e+03 3.774000000000000000e+03 1.860000000000000000e+03 6.927000000000000000e+03 0.000000000000000000e+00 1.413000000000000000e+03 3.230000000000000000e+02
5.975000000000000000e+03 2.226000000000000000e+03 3.033000000000000000e+03 3.433000000000000000e+03 3.699000000000000000e+03 3.020000000000000000e+03 6.706000000000000000e+03 7.750000000000000000e+02 0.000000000000000000e+00 7.480000000000000000e+02
5.829000000000000000e+03 2.364000000000000000e+03 3.171000000000000000e+03 2.364000000000000000e+03 3.539000000000000000e+03 2.650000000000000000e+03 6.560000000000000000e+03 3.230000000000000000e+02 1.047000000000000000e+03 0.000000000000000000e+00
