3.846000000000000000e+03 7.226000000000000000e+03 9.626000000000000000e+03 4.262000000000000000e+03 8.554000000000000000e+03 9.894000000000000000e+03 1.199000000000000000e+03 4.911000000000000000e+03 1.221000000000000000e+03 2.017000000000000000e+03
1.146000000000000000e+03 3.165000000000000000e+03 7.413000000000000000e+03 9.480000000000000000e+02 6.340000000000000000e+03 7.681000000000000000e+03 3.562000000000000000e+03 7.260000000000000000e+02 2.697000000000000000e+03 3.220000000000000000e+03
1.240000000000000000e+03 3.807000000000000000e+03 7.739000000000000000e+03 1.068000000000000000e+03 6.667000000000000000e+03 8.007000000000000000e+03 2.753000000000000000e+03 1.835000000000000000e+03 1.959000000000000000e+03 2.411000000000000000e+03
2.290000000000000000e+03 1.578000000000000000e+03 8.959000000000000000e+03 2.530000000000000000e+03 5.527000000000000000e+03 6.264000000000000000e+03 5.177000000000000000e+03 2.406000000000000000e+03 4.313000000000000000e+03 4.836000000000000000e+03
6.504000000000000000e+03 5.681000000000000000e+03 8.980000000000000000e+02 5.922000000000000000e+03 5.350000000000000000e+02 4.490000000000000000e+02 7.798000000000000000e+03 5.127000000000000000e+03 7.485000000000000000e+03 7.457000000000000000e+03
3.221000000000000000e+03 1.104000000000000000e+03 5.688000000000000000e+03 3.327000000000000000e+03 4.616000000000000000e+03 4.986000000000000000e+03 6.291000000000000000e+03 2.665000000000000000e+03 5.244000000000000000e+03 5.949000000000000000e+03
4.028000000000000000e+03 8.156000000000000000e+03 1.055600000000000000e+04 5.192000000000000000e+03 9.484000000000000000e+03 1.082400000000000000e+04 2.129000000000000000e+03 5.841000000000000000e+03 2.516000000000000000e+03 2.947000000000000000e+03
3.753000000000000000e+03 1.090000000000000000e+03 4.559000000000000000e+03 3.050000000000000000e+03 3.486000000000000000e+03 4.224000000000000000e+03 5.436000000000000000e+03 2.317000000000000000e+03 4.909000000000000000e+03 5.094000000000000000e+03
2.877000000000000000e+03 2.164000000000000000e+03 4.484000000000000000e+03 2.233000000000000000e+03 3.411000000000000000e+03 4.752000000000000000e+03 5.215000000000000000e+03 1.500000000000000000e+03 4.902000000000000000e+03 4.874000000000000000e+03
3.850000000000000000e+03 1.425000000000000000e+03 4.323000000000000000e+03 2.371000000000000000e+03 3.250000000000000000e+03 3.988000000000000000e+03 5.069000000000000000e+03 1.638000000000000000e+03 4.542000000000000000e+03 4.728000000000000000e+03
