0.000000000000000000e+00 3.903000000000000000e+03 1.673000000000000000e+03 6.521000000000000000e+03 6.910000000000000000e+03 4.069000000000000000e+03 2.957000000000000000e+03 3.282000000000000000e+03 7.030000000000000000e+02 1.590000000000000000e+03
3.901000000000000000e+03 0.000000000000000000e+00 2.625000000000000000e+03 4.260000000000000000e+03 3.255000000000000000e+03 7.622000000000000000e+03 5.828000000000000000e+03 4.971000000000000000e+03 4.525000000000000000e+03 2.373000000000000000e+03
1.174000000000000000e+03 2.514000000000000000e+03 0.000000000000000000e+00 5.137000000000000000e+03 5.843000000000000000e+03 5.311000000000000000e+03 3.540000000000000000e+03 2.479000000000000000e+03 1.877000000000000000e+03 1.097000000000000000e+03
6.305000000000000000e+03 2.725000000000000000e+03 4.771000000000000000e+03 0.000000000000000000e+00 2.973000000000000000e+03 7.633000000000000000e+03 5.839000000000000000e+03 4.982000000000000000e+03 6.534000000000000000e+03 4.205000000000000000e+03
6.986000000000000000e+03 3.485000000000000000e+03 5.953000000000000000e+03 2.639000000000000000e+03 0.000000000000000000e+00 9.223000000000000000e+03 7.429000000000000000e+03 6.572000000000000000e+03 8.124000000000000000e+03 5.805000000000000000e+03
4.071000000000000000e+03 6.021000000000000000e+03 5.562000000000000000e+03 6.886000000000000000e+03 9.364000000000000000e+03 0.000000000000000000e+00 2.317000000000000000e+03 2.779000000000000000e+03 3.317000000000000000e+03 6.375000000000000000e+03
2.844000000000000000e+03 4.635000000000000000e+03 3.969000000000000000e+03 5.499000000000000000e+03 7.977000000000000000e+03 1.794000000000000000e+03 0.000000000000000000e+00 1.393000000000000000e+03 2.252000000000000000e+03 4.781000000000000000e+03
1.368000000000000000e+03 3.545000000000000000e+03 2.715000000000000000e+03 5.511000000000000000e+03 6.426000000000000000e+03 2.651000000000000000e+03 8.570000000000000000e+02 0.000000000000000000e+00 1.896000000000000000e+03 3.485000000000000000e+03
7.360000000000000000e+02 4.149000000000000000e+03 2.041000000000000000e+03 6.888000000000000000e+03 7.277000000000000000e+03 3.366000000000000000e+03 2.155000000000000000e+03 2.106000000000000000e+03 0.000000000000000000e+00 2.002000000000000000e+03
1.714000000000000000e+03 1.984000000000000000e+03 1.281000000000000000e+03 6.092000000000000000e+03 5.313000000000000000e+03 5.958000000000000000e+03 4.187000000000000000e+03 3.456000000000000000e+03 1.950000000000000000e+03 0.000000000000000000e+00
