1.099000000000000000e+03 2.890000000000000000e+03 1.450000000000000000e+03 6.036000000000000000e+03 6.064000000000000000e+03 4.257000000000000000e+03 2.486000000000000000e+03 1.625000000000000000e+03 1.235000000000000000e+03 2.262000000000000000e+03
1.702000000000000000e+03 1.725000000000000000e+03 5.340000000000000000e+02 4.933000000000000000e+03 5.153000000000000000e+03 4.757000000000000000e+03 2.963000000000000000e+03 2.106000000000000000e+03 2.406000000000000000e+03 1.305000000000000000e+03
7.538000000000000000e+03 3.170000000000000000e+03 6.004000000000000000e+03 1.562000000000000000e+03 2.882000000000000000e+03 8.866000000000000000e+03 7.071000000000000000e+03 6.215000000000000000e+03 7.766000000000000000e+03 6.774000000000000000e+03
5.696000000000000000e+03 2.533000000000000000e+03 4.663000000000000000e+03 1.148000000000000000e+03 1.800000000000000000e+03 7.933000000000000000e+03 6.139000000000000000e+03 5.282000000000000000e+03 6.834000000000000000e+03 4.516000000000000000e+03
4.213000000000000000e+03 1.038000000000000000e+03 2.937000000000000000e+03 3.592000000000000000e+03 2.873000000000000000e+03 6.954000000000000000e+03 5.159000000000000000e+03 4.303000000000000000e+03 4.837000000000000000e+03 2.685000000000000000e+03
3.455000000000000000e+03 1.032000000000000000e+03 2.331000000000000000e+03 3.949000000000000000e+03 3.230000000000000000e+03 7.311000000000000000e+03 5.517000000000000000e+03 4.660000000000000000e+03 4.158000000000000000e+03 2.679000000000000000e+03
2.766000000000000000e+03 1.696000000000000000e+03 2.143000000000000000e+03 4.038000000000000000e+03 4.587000000000000000e+03 7.152000000000000000e+03 5.381000000000000000e+03 3.476000000000000000e+03 3.002000000000000000e+03 1.052000000000000000e+03
2.119000000000000000e+03 2.058000000000000000e+03 1.227000000000000000e+03 4.070000000000000000e+03 4.459000000000000000e+03 4.443000000000000000e+03 2.649000000000000000e+03 1.792000000000000000e+03 2.823000000000000000e+03 1.997000000000000000e+03
1.855000000000000000e+03 2.226000000000000000e+03 1.395000000000000000e+03 4.251000000000000000e+03 5.166000000000000000e+03 4.087000000000000000e+03 2.293000000000000000e+03 1.436000000000000000e+03 2.559000000000000000e+03 2.166000000000000000e+03
4.763000000000000000e+03 1.377000000000000000e+03 3.084000000000000000e+03 1.803000000000000000e+03 2.503000000000000000e+03 7.000000000000000000e+03 5.206000000000000000e+03 4.349000000000000000e+03 5.901000000000000000e+03 3.204000000000000000e+03
