3.146000000000000000e+03 5.500000000000000000e+03 7.900000000000000000e+03 2.569000000000000000e+03 6.828000000000000000e+03 8.168000000000000000e+03 9.690000000000000000e+02 3.185000000000000000e+03 7.930000000000000000e+02 7.930000000000000000e+02
2.408000000000000000e+03 3.247000000000000000e+03 6.404000000000000000e+03 4.690000000000000000e+02 5.331000000000000000e+03 6.671000000000000000e+03 2.729000000000000000e+03 7.970000000000000000e+02 2.202000000000000000e+03 2.387000000000000000e+03
9.596000000000000000e+03 4.998000000000000000e+03 2.817000000000000000e+03 9.014000000000000000e+03 3.051000000000000000e+03 2.014000000000000000e+03 1.089000000000000000e+04 8.218000000000000000e+03 1.057700000000000000e+04 1.054800000000000000e+04
-1.000000000000000000e+00 -1.000000000000000000e+00 -1.000000000000000000e+00 -1.000000000000000000e+00 -1.000000000000000000e+00 -1.000000000000000000e+00 -1.000000000000000000e+00 -1.000000000000000000e+00 -1.000000000000000000e+00 -1.000000000000000000e+00
6.980000000000000000e+02 3.265000000000000000e+03 7.970000000000000000e+03 1.506000000000000000e+03 6.898000000000000000e+03 8.238000000000000000e+03 3.294000000000000000e+03 1.284000000000000000e+03 2.501000000000000000e+03 2.953000000000000000e+03
4.540000000000000000e+03 7.012000000000000000e+03 9.412000000000000000e+03 4.048000000000000000e+03 8.340000000000000000e+03 9.680000000000000000e+03 6.930000000000000000e+02 4.697000000000000000e+03 1.757000000000000000e+03 1.420000000000000000e+03
5.506000000000000000e+03 4.114000000000000000e+03 2.855000000000000000e+03 4.862000000000000000e+03 3.089000000000000000e+03 2.052000000000000000e+03 7.872000000000000000e+03 4.128000000000000000e+03 7.559000000000000000e+03 6.561000000000000000e+03
2.800000000000000000e+03 4.085000000000000000e+03 7.521000000000000000e+03 1.254000000000000000e+03 6.448000000000000000e+03 7.789000000000000000e+03 2.006000000000000000e+03 1.635000000000000000e+03 1.479000000000000000e+03 1.664000000000000000e+03
3.869000000000000000e+03 6.342000000000000000e+03 8.742000000000000000e+03 3.378000000000000000e+03 7.669000000000000000e+03 9.009000000000000000e+03 3.100000000000000000e+02 4.027000000000000000e+03 1.086000000000000000e+03 1.127000000000000000e+03
3.985000000000000000e+03 6.313000000000000000e+03 9.171000000000000000e+03 3.348000000000000000e+03 8.099000000000000000e+03 9.439000000000000000e+03 9.360000000000000000e+02 3.997000000000000000e+03 1.632000000000000000e+03 9.280000000000000000e+02
