0.000000000000000000e+00 3.205000000000000000e+03 8.358000000000000000e+03 1.988000000000000000e+03 7.285000000000000000e+03 8.626000000000000000e+03 3.981000000000000000e+03 1.805000000000000000e+03 3.188000000000000000e+03 3.640000000000000000e+03
3.197000000000000000e+03 0.000000000000000000e+00 5.333000000000000000e+03 3.155000000000000000e+03 4.261000000000000000e+03 4.631000000000000000e+03 6.047000000000000000e+03 2.422000000000000000e+03 5.520000000000000000e+03 5.705000000000000000e+03
7.314000000000000000e+03 6.491000000000000000e+03 0.000000000000000000e+00 6.732000000000000000e+03 9.040000000000000000e+02 8.030000000000000000e+02 8.608000000000000000e+03 5.936000000000000000e+03 8.295000000000000000e+03 8.267000000000000000e+03
1.928000000000000000e+03 3.230000000000000000e+03 6.719000000000000000e+03 0.000000000000000000e+00 5.646000000000000000e+03 6.987000000000000000e+03 3.073000000000000000e+03 7.930000000000000000e+02 2.208000000000000000e+03 2.731000000000000000e+03
6.239000000000000000e+03 5.416000000000000000e+03 8.890000000000000000e+02 5.657000000000000000e+03 0.000000000000000000e+00 1.037000000000000000e+03 7.533000000000000000e+03 4.862000000000000000e+03 7.220000000000000000e+03 7.192000000000000000e+03
7.582000000000000000e+03 6.759000000000000000e+03 8.030000000000000000e+02 7.000000000000000000e+03 1.037000000000000000e+03 0.000000000000000000e+00 8.876000000000000000e+03 6.204000000000000000e+03 8.563000000000000000e+03 8.534000000000000000e+03
3.997000000000000000e+03 6.470000000000000000e+03 8.870000000000000000e+03 3.506000000000000000e+03 7.797000000000000000e+03 9.137000000000000000e+03 0.000000000000000000e+00 4.155000000000000000e+03 1.190000000000000000e+03 8.530000000000000000e+02
1.804000000000000000e+03 2.437000000000000000e+03 6.687000000000000000e+03 7.330000000000000000e+02 5.614000000000000000e+03 6.955000000000000000e+03 4.074000000000000000e+03 0.000000000000000000e+00 3.547000000000000000e+03 3.732000000000000000e+03
2.988000000000000000e+03 5.963000000000000000e+03 8.363000000000000000e+03 2.999000000000000000e+03 7.290000000000000000e+03 8.631000000000000000e+03 1.045000000000000000e+03 3.648000000000000000e+03 0.000000000000000000e+00 1.292000000000000000e+03
4.118000000000000000e+03 5.503000000000000000e+03 7.903000000000000000e+03 2.572000000000000000e+03 6.831000000000000000e+03 8.171000000000000000e+03 1.147000000000000000e+03 3.188000000000000000e+03 1.438000000000000000e+03 0.000000000000000000e+00
