3.632000000000000000e+03 1.555000000000000000e+03 5.356000000000000000e+03 2.358000000000000000e+03 3.607000000000000000e+03 4.344000000000000000e+03 5.199000000000000000e+03 1.625000000000000000e+03 4.672000000000000000e+03 4.858000000000000000e+03
1.477000000000000000e+03 2.110000000000000000e+03 5.836000000000000000e+03 1.251000000000000000e+03 4.764000000000000000e+03 6.104000000000000000e+03 4.288000000000000000e+03 5.180000000000000000e+02 3.761000000000000000e+03 3.947000000000000000e+03
4.144000000000000000e+03 8.050000000000000000e+03 9.436000000000000000e+03 5.046000000000000000e+03 8.363000000000000000e+03 9.703000000000000000e+03 1.454000000000000000e+03 5.129000000000000000e+03 2.517000000000000000e+03 1.087000000000000000e+03
3.631000000000000000e+03 6.103000000000000000e+03 8.503000000000000000e+03 3.139000000000000000e+03 7.431000000000000000e+03 8.771000000000000000e+03 5.570000000000000000e+02 3.788000000000000000e+03 1.278000000000000000e+03 6.920000000000000000e+02
2.854000000000000000e+03 4.520000000000000000e+03 7.524000000000000000e+03 1.308000000000000000e+03 6.451000000000000000e+03 7.791000000000000000e+03 2.008000000000000000e+03 2.076000000000000000e+03 1.481000000000000000e+03 1.667000000000000000e+03
2.849000000000000000e+03 3.862000000000000000e+03 7.881000000000000000e+03 1.302000000000000000e+03 6.808000000000000000e+03 8.149000000000000000e+03 2.366000000000000000e+03 1.456000000000000000e+03 1.839000000000000000e+03 2.024000000000000000e+03
6.100000000000000000e+02 2.685000000000000000e+03 8.251000000000000000e+03 1.881000000000000000e+03 7.178000000000000000e+03 8.518000000000000000e+03 3.874000000000000000e+03 1.697000000000000000e+03 3.081000000000000000e+03 3.532000000000000000e+03
2.170000000000000000e+03 2.527000000000000000e+03 5.523000000000000000e+03 1.526000000000000000e+03 4.450000000000000000e+03 5.791000000000000000e+03 3.595000000000000000e+03 7.920000000000000000e+02 3.068000000000000000e+03 3.253000000000000000e+03
2.338000000000000000e+03 2.480000000000000000e+03 4.988000000000000000e+03 1.694000000000000000e+03 3.915000000000000000e+03 5.255000000000000000e+03 4.302000000000000000e+03 9.610000000000000000e+02 3.989000000000000000e+03 3.960000000000000000e+03
3.374000000000000000e+03 5.170000000000000000e+03 7.570000000000000000e+03 1.828000000000000000e+03 6.498000000000000000e+03 7.838000000000000000e+03 1.639000000000000000e+03 2.209000000000000000e+03 1.112000000000000000e+03 1.297000000000000000e+03
