3.151000000000000000e+03 4.560000000000000000e+02 5.208000000000000000e+03 3.154000000000000000e+03 4.136000000000000000e+03 4.873000000000000000e+03 6.046000000000000000e+03 2.420000000000000000e+03 5.519000000000000000e+03 5.704000000000000000e+03
1.826000000000000000e+03 4.208000000000000000e+03 8.192000000000000000e+03 9.960000000000000000e+02 7.119000000000000000e+03 8.460000000000000000e+03 2.542000000000000000e+03 1.764000000000000000e+03 1.748000000000000000e+03 2.200000000000000000e+03
2.468000000000000000e+03 1.581000000000000000e+03 6.209000000000000000e+03 1.871000000000000000e+03 5.137000000000000000e+03 6.477000000000000000e+03 4.979000000000000000e+03 1.036000000000000000e+03 4.114000000000000000e+03 4.638000000000000000e+03
4.375000000000000000e+03 6.817000000000000000e+03 8.203000000000000000e+03 2.829000000000000000e+03 7.130000000000000000e+03 8.471000000000000000e+03 1.839000000000000000e+03 3.896000000000000000e+03 2.529000000000000000e+03 6.290000000000000000e+02
4.560000000000000000e+03 7.393000000000000000e+03 9.793000000000000000e+03 4.429000000000000000e+03 8.721000000000000000e+03 1.006100000000000000e+04 1.366000000000000000e+03 5.078000000000000000e+03 1.753000000000000000e+03 2.184000000000000000e+03
6.133000000000000000e+03 3.683000000000000000e+03 2.608000000000000000e+03 5.490000000000000000e+03 2.843000000000000000e+03 1.806000000000000000e+03 8.500000000000000000e+03 4.756000000000000000e+03 8.186000000000000000e+03 7.189000000000000000e+03
4.747000000000000000e+03 3.356000000000000000e+03 3.969000000000000000e+03 4.103000000000000000e+03 2.896000000000000000e+03 2.690000000000000000e+03 7.113000000000000000e+03 3.370000000000000000e+03 6.800000000000000000e+03 5.802000000000000000e+03
3.657000000000000000e+03 1.880000000000000000e+03 3.588000000000000000e+03 3.013000000000000000e+03 2.515000000000000000e+03 3.253000000000000000e+03 5.562000000000000000e+03 2.280000000000000000e+03 5.249000000000000000e+03 5.220000000000000000e+03
3.563000000000000000e+03 3.660000000000000000e+02 4.964000000000000000e+03 3.521000000000000000e+03 3.891000000000000000e+03 4.262000000000000000e+03 6.413000000000000000e+03 2.788000000000000000e+03 5.886000000000000000e+03 6.072000000000000000e+03
1.561000000000000000e+03 1.633000000000000000e+03 8.230000000000000000e+03 1.801000000000000000e+03 7.158000000000000000e+03 8.498000000000000000e+03 4.449000000000000000e+03 1.677000000000000000e+03 3.584000000000000000e+03 4.107000000000000000e+03
