3.984000000000000000e+03 1.107000000000000000e+03 1.229000000000000000e+03 2.301000000000000000e+03 7.574000000000000000e+03 3.379000000000000000e+03 4.558000000000000000e+03 3.608000000000000000e+03 2.830000000000000000e+03 3.746000000000000000e+03
6.807000000000000000e+03 3.189000000000000000e+03 3.819000000000000000e+03 1.585000000000000000e+03 4.549000000000000000e+03 7.230000000000000000e+02 7.538000000000000000e+03 1.077000000000000000e+03 2.378000000000000000e+03 1.878000000000000000e+03
9.368000000000000000e+03 6.663000000000000000e+03 8.421000000000000000e+03 7.870000000000000000e+03 9.090000000000000000e+02 7.347000000000000000e+03 1.009900000000000000e+04 5.443000000000000000e+03 4.745000000000000000e+03 5.075000000000000000e+03
3.833000000000000000e+03 9.480000000000000000e+02 1.074000000000000000e+03 2.530000000000000000e+03 5.934000000000000000e+03 3.404000000000000000e+03 4.563000000000000000e+03 3.110000000000000000e+03 2.361000000000000000e+03 2.647000000000000000e+03
8.294000000000000000e+03 5.588000000000000000e+03 7.346000000000000000e+03 6.795000000000000000e+03 5.280000000000000000e+02 6.272000000000000000e+03 9.024000000000000000e+03 4.369000000000000000e+03 3.671000000000000000e+03 4.000000000000000000e+03
9.636000000000000000e+03 6.930000000000000000e+03 8.689000000000000000e+03 8.138000000000000000e+03 4.480000000000000000e+02 7.615000000000000000e+03 1.036700000000000000e+04 5.711000000000000000e+03 5.013000000000000000e+03 5.343000000000000000e+03
2.056000000000000000e+03 3.974000000000000000e+03 3.065000000000000000e+03 5.611000000000000000e+03 8.085000000000000000e+03 6.644000000000000000e+03 1.863000000000000000e+03 6.436000000000000000e+03 5.738000000000000000e+03 6.068000000000000000e+03
4.834000000000000000e+03 7.260000000000000000e+02 1.533000000000000000e+03 2.360000000000000000e+03 5.903000000000000000e+03 2.611000000000000000e+03 5.565000000000000000e+03 2.317000000000000000e+03 1.568000000000000000e+03 1.854000000000000000e+03
1.242000000000000000e+03 3.467000000000000000e+03 2.055000000000000000e+03 5.104000000000000000e+03 7.579000000000000000e+03 6.137000000000000000e+03 1.654000000000000000e+03 5.929000000000000000e+03 5.231000000000000000e+03 5.561000000000000000e+03
2.977000000000000000e+03 3.041000000000000000e+03 2.858000000000000000e+03 4.677000000000000000e+03 7.119000000000000000e+03 5.677000000000000000e+03 2.784000000000000000e+03 5.469000000000000000e+03 4.771000000000000000e+03 5.101000000000000000e+03
