3.373000000000000000e+03 1.478000000000000000e+03 4.112000000000000000e+03 3.841000000000000000e+03 2.982000000000000000e+03 2.576000000000000000e+03 6.210000000000000000e+02 2.200000000000000000e+03 2.339000000000000000e+03 3.004000000000000000e+03
1.506000000000000000e+03 2.125000000000000000e+03 6.178000000000000000e+03 5.906000000000000000e+03 4.594000000000000000e+03 3.808000000000000000e+03 2.698000000000000000e+03 2.817000000000000000e+03 2.619000000000000000e+03 5.064000000000000000e+03
5.640000000000000000e+03 5.837000000000000000e+03 9.214000000000000000e+03 8.467000000000000000e+03 7.678000000000000000e+03 6.733000000000000000e+03 7.195000000000000000e+03 6.192000000000000000e+03 6.183000000000000000e+03 7.567000000000000000e+03
2.661000000000000000e+03 1.239000000000000000e+03 3.203000000000000000e+03 2.932000000000000000e+03 1.419000000000000000e+03 6.780000000000000000e+02 1.809000000000000000e+03 1.322000000000000000e+03 1.873000000000000000e+03 2.089000000000000000e+03
4.566000000000000000e+03 4.762000000000000000e+03 8.140000000000000000e+03 7.393000000000000000e+03 6.604000000000000000e+03 5.658000000000000000e+03 6.121000000000000000e+03 5.117000000000000000e+03 4.185000000000000000e+03 6.492000000000000000e+03
5.908000000000000000e+03 6.105000000000000000e+03 9.482000000000000000e+03 8.735000000000000000e+03 7.946000000000000000e+03 7.000000000000000000e+03 7.463000000000000000e+03 6.460000000000000000e+03 6.451000000000000000e+03 7.834000000000000000e+03
6.633000000000000000e+03 4.614000000000000000e+03 5.410000000000000000e+02 7.830000000000000000e+02 2.358000000000000000e+03 3.262000000000000000e+03 4.186000000000000000e+03 3.941000000000000000e+03 4.357000000000000000e+03 1.610000000000000000e+03
1.868000000000000000e+03 4.460000000000000000e+02 4.205000000000000000e+03 3.933000000000000000e+03 2.077000000000000000e+03 1.520000000000000000e+03 1.686000000000000000e+03 5.290000000000000000e+02 1.080000000000000000e+03 3.090000000000000000e+03
6.126000000000000000e+03 4.107000000000000000e+03 1.674000000000000000e+03 6.470000000000000000e+02 1.115000000000000000e+03 2.756000000000000000e+03 3.176000000000000000e+03 3.434000000000000000e+03 3.851000000000000000e+03 1.013000000000000000e+03
5.667000000000000000e+03 3.647000000000000000e+03 8.280000000000000000e+02 1.092000000000000000e+03 1.392000000000000000e+03 2.296000000000000000e+03 4.000000000000000000e+03 2.974000000000000000e+03 3.391000000000000000e+03 6.380000000000000000e+02
