1.797000000000000000e+03 3.038000000000000000e+03 2.213000000000000000e+03 4.674000000000000000e+03 7.116000000000000000e+03 5.674000000000000000e+03 2.527000000000000000e+03 5.467000000000000000e+03 4.769000000000000000e+03 5.099000000000000000e+03
3.489000000000000000e+03 1.359000000000000000e+03 1.350000000000000000e+03 3.170000000000000000e+03 5.619000000000000000e+03 3.421000000000000000e+03 4.220000000000000000e+03 3.127000000000000000e+03 1.893000000000000000e+03 2.265000000000000000e+03
1.165000000000000000e+04 8.944000000000000000e+03 1.070300000000000000e+04 6.963000000000000000e+03 2.433000000000000000e+03 5.679000000000000000e+03 1.238100000000000000e+04 5.532000000000000000e+03 7.027000000000000000e+03 5.453000000000000000e+03
-1.000000000000000000e+00 -1.000000000000000000e+00 -1.000000000000000000e+00 -1.000000000000000000e+00 -1.000000000000000000e+00 -1.000000000000000000e+00 -1.000000000000000000e+00 -1.000000000000000000e+00 -1.000000000000000000e+00 -1.000000000000000000e+00
3.605000000000000000e+03 6.170000000000000000e+02 5.410000000000000000e+02 2.361000000000000000e+03 7.186000000000000000e+03 3.439000000000000000e+03 4.179000000000000000e+03 3.511000000000000000e+03 2.780000000000000000e+03 3.435000000000000000e+03
2.623000000000000000e+03 4.517000000000000000e+03 3.607000000000000000e+03 6.153000000000000000e+03 8.628000000000000000e+03 7.186000000000000000e+03 2.430000000000000000e+03 6.979000000000000000e+03 6.281000000000000000e+03 6.611000000000000000e+03
8.632000000000000000e+03 4.854000000000000000e+03 5.661000000000000000e+03 5.179000000000000000e+03 2.471000000000000000e+03 4.876000000000000000e+03 9.362000000000000000e+03 3.383000000000000000e+03 2.759000000000000000e+03 3.050000000000000000e+03
2.766000000000000000e+03 1.722000000000000000e+03 1.652000000000000000e+03 3.359000000000000000e+03 6.737000000000000000e+03 4.259000000000000000e+03 3.496000000000000000e+03 5.087000000000000000e+03 4.389000000000000000e+03 4.719000000000000000e+03
1.952000000000000000e+03 3.846000000000000000e+03 2.937000000000000000e+03 5.483000000000000000e+03 7.957000000000000000e+03 6.516000000000000000e+03 1.759000000000000000e+03 6.308000000000000000e+03 5.610000000000000000e+03 5.940000000000000000e+03
2.571000000000000000e+03 3.817000000000000000e+03 3.052000000000000000e+03 5.453000000000000000e+03 8.387000000000000000e+03 8.642000000000000000e+03 2.377000000000000000e+03 6.738000000000000000e+03 6.040000000000000000e+03 6.370000000000000000e+03
