5.216000000000000000e+03 3.434000000000000000e+03 5.141000000000000000e+03 -1.000000000000000000e+00 3.232000000000000000e+03 6.556000000000000000e+03 3.595000000000000000e+03 4.057000000000000000e+03 6.202000000000000000e+03 6.168000000000000000e+03
1.561000000000000000e+03 1.264000000000000000e+03 1.016600000000000000e+04 -1.000000000000000000e+00 1.126000000000000000e+03 3.052000000000000000e+03 6.466000000000000000e+03 1.241000000000000000e+03 2.698000000000000000e+03 2.664000000000000000e+03
4.149000000000000000e+03 2.149000000000000000e+03 6.382000000000000000e+03 -1.000000000000000000e+00 2.549000000000000000e+03 5.489000000000000000e+03 4.178000000000000000e+03 2.673000000000000000e+03 5.136000000000000000e+03 5.102000000000000000e+03
2.012000000000000000e+03 2.407000000000000000e+03 1.017700000000000000e+04 -1.000000000000000000e+00 3.661000000000000000e+03 1.499000000000000000e+03 6.477000000000000000e+03 1.806000000000000000e+03 1.886000000000000000e+03 9.960000000000000000e+02
2.196000000000000000e+03 4.284000000000000000e+03 1.176800000000000000e+04 -1.000000000000000000e+00 4.300000000000000000e+03 1.907000000000000000e+03 8.067000000000000000e+03 3.420000000000000000e+03 1.057000000000000000e+03 1.879000000000000000e+03
7.670000000000000000e+03 5.200000000000000000e+03 1.103000000000000000e+03 -1.000000000000000000e+00 6.104000000000000000e+03 9.010000000000000000e+03 1.451000000000000000e+03 7.463000000000000000e+03 8.656000000000000000e+03 8.622000000000000000e+03
6.283000000000000000e+03 3.814000000000000000e+03 2.866000000000000000e+03 -1.000000000000000000e+00 4.717000000000000000e+03 7.623000000000000000e+03 6.380000000000000000e+02 6.077000000000000000e+03 7.270000000000000000e+03 7.235000000000000000e+03
4.732000000000000000e+03 2.724000000000000000e+03 3.722000000000000000e+03 -1.000000000000000000e+00 3.627000000000000000e+03 6.072000000000000000e+03 1.495000000000000000e+03 3.953000000000000000e+03 5.718000000000000000e+03 5.684000000000000000e+03
5.584000000000000000e+03 3.802000000000000000e+03 4.438000000000000000e+03 -1.000000000000000000e+00 3.644000000000000000e+03 6.923000000000000000e+03 2.793000000000000000e+03 4.425000000000000000e+03 6.570000000000000000e+03 6.536000000000000000e+03
3.619000000000000000e+03 2.026000000000000000e+03 7.029000000000000000e+03 -1.000000000000000000e+00 1.642000000000000000e+03 4.959000000000000000e+03 4.825000000000000000e+03 2.537000000000000000e+03 4.605000000000000000e+03 4.571000000000000000e+03
