2.029000000000000000e+03 4.118000000000000000e+03 1.160100000000000000e+04 -1.000000000000000000e+00 3.587000000000000000e+03 1.740000000000000000e+03 7.900000000000000000e+03 3.253000000000000000e+03 8.900000000000000000e+02 1.713000000000000000e+03
2.732000000000000000e+03 1.226000000000000000e+03 9.388000000000000000e+03 -1.000000000000000000e+00 5.080000000000000000e+02 4.072000000000000000e+03 4.542000000000000000e+03 1.649000000000000000e+03 3.718000000000000000e+03 3.684000000000000000e+03
1.772000000000000000e+03 1.336000000000000000e+03 9.714000000000000000e+03 -1.000000000000000000e+00 5.410000000000000000e+02 3.263000000000000000e+03 6.013000000000000000e+03 1.847000000000000000e+03 2.909000000000000000e+03 2.875000000000000000e+03
4.348000000000000000e+03 2.754000000000000000e+03 6.865000000000000000e+03 -1.000000000000000000e+00 2.370000000000000000e+03 5.688000000000000000e+03 4.661000000000000000e+03 3.265000000000000000e+03 5.334000000000000000e+03 5.300000000000000000e+03
6.968000000000000000e+03 5.589000000000000000e+03 2.759000000000000000e+03 -1.000000000000000000e+00 6.474000000000000000e+03 8.308000000000000000e+03 2.840000000000000000e+03 6.190000000000000000e+03 7.955000000000000000e+03 7.921000000000000000e+03
5.461000000000000000e+03 3.604000000000000000e+03 5.162000000000000000e+03 -1.000000000000000000e+00 3.302000000000000000e+03 6.801000000000000000e+03 3.517000000000000000e+03 4.302000000000000000e+03 6.447000000000000000e+03 6.413000000000000000e+03
2.959000000000000000e+03 5.048000000000000000e+03 1.253100000000000000e+04 -1.000000000000000000e+00 3.769000000000000000e+03 2.670000000000000000e+03 8.830000000000000000e+03 4.183000000000000000e+03 1.820000000000000000e+03 2.643000000000000000e+03
4.606000000000000000e+03 2.891000000000000000e+03 5.146000000000000000e+03 -1.000000000000000000e+00 3.834000000000000000e+03 5.946000000000000000e+03 2.942000000000000000e+03 3.447000000000000000e+03 5.592000000000000000e+03 5.558000000000000000e+03
4.385000000000000000e+03 3.006000000000000000e+03 4.476000000000000000e+03 -1.000000000000000000e+00 2.847000000000000000e+03 5.725000000000000000e+03 2.248000000000000000e+03 3.607000000000000000e+03 5.372000000000000000e+03 5.337000000000000000e+03
4.240000000000000000e+03 2.524000000000000000e+03 5.042000000000000000e+03 -1.000000000000000000e+00 3.931000000000000000e+03 5.580000000000000000e+03 2.230000000000000000e+03 3.081000000000000000e+03 5.226000000000000000e+03 5.192000000000000000e+03
