1.968000000000000000e+03 9.870000000000000000e+02 3.638000000000000000e+03 3.077000000000000000e+03 4.360000000000000000e+03 3.860000000000000000e+03 2.284000000000000000e+03 3.671000000000000000e+03 3.903000000000000000e+03
2.201000000000000000e+03 2.599000000000000000e+03 4.476000000000000000e+03 5.409000000000000000e+03 5.310000000000000000e+03 7.070000000000000000e+02 5.183000000000000000e+03 6.247000000000000000e+03 6.802000000000000000e+03
5.450000000000000000e+03 6.379000000000000000e+03 6.511000000000000000e+03 8.184000000000000000e+03 6.462000000000000000e+03 6.074000000000000000e+03 9.664000000000000000e+03 8.808000000000000000e+03 9.667000000000000000e+03
1.363000000000000000e+03 1.001000000000000000e+03 2.075000000000000000e+03 2.097000000000000000e+03 2.796000000000000000e+03 3.804000000000000000e+03 2.438000000000000000e+03 3.273000000000000000e+03 4.057000000000000000e+03
4.376000000000000000e+03 5.304000000000000000e+03 5.437000000000000000e+03 7.110000000000000000e+03 5.387000000000000000e+03 4.999000000000000000e+03 8.589000000000000000e+03 7.733000000000000000e+03 8.592000000000000000e+03
5.718000000000000000e+03 6.646000000000000000e+03 6.779000000000000000e+03 8.452000000000000000e+03 6.730000000000000000e+03 3.924000000000000000e+03 9.932000000000000000e+03 9.076000000000000000e+03 9.935000000000000000e+03
4.249000000000000000e+03 4.082000000000000000e+03 2.357000000000000000e+03 1.475000000000000000e+03 1.875000000000000000e+03 7.067000000000000000e+03 2.419000000000000000e+03 1.278000000000000000e+03 2.760000000000000000e+03
5.700000000000000000e+02 7.790000000000000000e+02 2.503000000000000000e+03 3.436000000000000000e+03 3.026000000000000000e+03 3.011000000000000000e+03 2.896000000000000000e+03 4.274000000000000000e+03 4.515000000000000000e+03
3.743000000000000000e+03 3.575000000000000000e+03 1.850000000000000000e+03 4.440000000000000000e+02 2.572000000000000000e+03 6.560000000000000000e+03 1.576000000000000000e+03 6.820000000000000000e+02 1.579000000000000000e+03
3.283000000000000000e+03 3.148000000000000000e+03 1.390000000000000000e+03 1.327000000000000000e+03 1.129000000000000000e+03 6.100000000000000000e+03 2.737000000000000000e+03 1.522000000000000000e+03 2.740000000000000000e+03
