4.370000000000000000e+03 2.273000000000000000e+03 5.329000000000000000e+03 -1.000000000000000000e+00 3.713000000000000000e+03 5.710000000000000000e+03 3.124000000000000000e+03 3.211000000000000000e+03 5.356000000000000000e+03 5.322000000000000000e+03
3.459000000000000000e+03 1.532000000000000000e+03 5.828000000000000000e+03 -1.000000000000000000e+00 1.447000000000000000e+03 4.799000000000000000e+03 3.601000000000000000e+03 2.300000000000000000e+03 4.445000000000000000e+03 4.411000000000000000e+03
1.419000000000000000e+03 4.330000000000000000e+03 1.141000000000000000e+04 -1.000000000000000000e+00 3.753000000000000000e+03 7.390000000000000000e+02 7.709000000000000000e+03 3.842000000000000000e+03 1.796000000000000000e+03 4.950000000000000000e+02
9.060000000000000000e+02 2.994000000000000000e+03 1.047800000000000000e+04 -1.000000000000000000e+00 3.239000000000000000e+03 1.075000000000000000e+03 6.777000000000000000e+03 2.130000000000000000e+03 7.140000000000000000e+02 6.800000000000000000e+02
1.179000000000000000e+03 1.050000000000000000e+03 9.498000000000000000e+03 -1.000000000000000000e+00 2.140000000000000000e+03 2.519000000000000000e+03 5.797000000000000000e+03 5.730000000000000000e+02 2.165000000000000000e+03 2.131000000000000000e+03
1.536000000000000000e+03 6.630000000000000000e+02 9.855000000000000000e+03 -1.000000000000000000e+00 2.135000000000000000e+03 2.876000000000000000e+03 6.155000000000000000e+03 2.960000000000000000e+02 2.522000000000000000e+03 2.488000000000000000e+03
2.893000000000000000e+03 2.105000000000000000e+03 8.223000000000000000e+03 -1.000000000000000000e+00 5.800000000000000000e+02 4.384000000000000000e+03 6.019000000000000000e+03 2.616000000000000000e+03 4.031000000000000000e+03 3.996000000000000000e+03
2.765000000000000000e+03 8.540000000000000000e+02 5.515000000000000000e+03 -1.000000000000000000e+00 2.140000000000000000e+03 4.105000000000000000e+03 3.287000000000000000e+03 1.606000000000000000e+03 3.751000000000000000e+03 3.717000000000000000e+03
3.472000000000000000e+03 1.405000000000000000e+03 5.158000000000000000e+03 -1.000000000000000000e+00 2.308000000000000000e+03 4.812000000000000000e+03 2.931000000000000000e+03 2.693000000000000000e+03 4.458000000000000000e+03 4.424000000000000000e+03
8.090000000000000000e+02 2.061000000000000000e+03 9.545000000000000000e+03 -1.000000000000000000e+00 2.691000000000000000e+03 2.149000000000000000e+03 5.844000000000000000e+03 8.050000000000000000e+02 1.795000000000000000e+03 1.761000000000000000e+03
