1.277000000000000000e+03 2.124000000000000000e+03 6.176000000000000000e+03 5.905000000000000000e+03 4.714000000000000000e+03 3.806000000000000000e+03 2.652000000000000000e+03 2.815000000000000000e+03 2.618000000000000000e+03 5.062000000000000000e+03
3.739000000000000000e+03 2.210000000000000000e+03 2.672000000000000000e+03 2.401000000000000000e+03 7.940000000000000000e+02 1.627000000000000000e+03 1.708000000000000000e+03 2.292000000000000000e+03 2.844000000000000000e+03 1.693000000000000000e+03
1.012000000000000000e+03 7.400000000000000000e+02 5.110000000000000000e+03 4.839000000000000000e+03 3.326000000000000000e+03 2.512000000000000000e+03 1.969000000000000000e+03 1.431000000000000000e+03 1.234000000000000000e+03 3.996000000000000000e+03
5.966000000000000000e+03 4.394000000000000000e+03 1.003000000000000000e+03 1.641000000000000000e+03 1.912000000000000000e+03 2.308000000000000000e+03 4.256000000000000000e+03 3.699000000000000000e+03 3.691000000000000000e+03 1.800000000000000000e+03
7.557000000000000000e+03 5.537000000000000000e+03 1.872000000000000000e+03 1.706000000000000000e+03 3.282000000000000000e+03 4.186000000000000000e+03 4.880000000000000000e+03 4.864000000000000000e+03 5.281000000000000000e+03 2.534000000000000000e+03
4.418000000000000000e+03 4.657000000000000000e+03 7.563000000000000000e+03 8.359000000000000000e+03 7.570000000000000000e+03 5.477000000000000000e+03 7.246000000000000000e+03 4.658000000000000000e+03 4.974000000000000000e+03 7.458000000000000000e+03
2.825000000000000000e+03 3.270000000000000000e+03 6.176000000000000000e+03 6.972000000000000000e+03 6.183000000000000000e+03 4.091000000000000000e+03 5.653000000000000000e+03 3.272000000000000000e+03 3.587000000000000000e+03 6.072000000000000000e+03
1.351000000000000000e+03 2.180000000000000000e+03 6.168000000000000000e+03 5.421000000000000000e+03 4.632000000000000000e+03 3.001000000000000000e+03 3.539000000000000000e+03 2.182000000000000000e+03 1.808000000000000000e+03 4.520000000000000000e+03
1.225000000000000000e+03 2.492000000000000000e+03 6.544000000000000000e+03 6.273000000000000000e+03 4.960000000000000000e+03 4.174000000000000000e+03 3.064000000000000000e+03 3.183000000000000000e+03 2.986000000000000000e+03 5.430000000000000000e+03
1.659000000000000000e+03 1.350000000000000000e+03 4.580000000000000000e+03 4.308000000000000000e+03 2.795000000000000000e+03 2.389000000000000000e+03 1.062000000000000000e+03 2.072000000000000000e+03 2.211000000000000000e+03 3.466000000000000000e+03
