0.000000000000000000e+00 1.525000000000000000e+03 5.330000000000000000e+03 5.059000000000000000e+03 3.702000000000000000e+03 2.645000000000000000e+03 3.133000000000000000e+03 1.654000000000000000e+03 1.433000000000000000e+03 4.216000000000000000e+03
1.541000000000000000e+03 0.000000000000000000e+00 4.419000000000000000e+03 4.148000000000000000e+03 2.537000000000000000e+03 1.904000000000000000e+03 1.359000000000000000e+03 9.130000000000000000e+02 8.610000000000000000e+02 3.305000000000000000e+03
7.199000000000000000e+03 5.627000000000000000e+03 0.000000000000000000e+00 2.086000000000000000e+03 2.361000000000000000e+03 4.351000000000000000e+03 4.333000000000000000e+03 4.932000000000000000e+03 4.923000000000000000e+03 1.613000000000000000e+03
6.267000000000000000e+03 4.247000000000000000e+03 9.920000000000000000e+02 0.000000000000000000e+00 1.992000000000000000e+03 2.896000000000000000e+03 3.819000000000000000e+03 3.575000000000000000e+03 3.991000000000000000e+03 1.244000000000000000e+03
4.051000000000000000e+03 2.522000000000000000e+03 2.139000000000000000e+03 1.868000000000000000e+03 0.000000000000000000e+00 7.790000000000000000e+02 2.736000000000000000e+03 1.904000000000000000e+03 3.011000000000000000e+03 1.025000000000000000e+03
2.728000000000000000e+03 1.916000000000000000e+03 2.496000000000000000e+03 2.225000000000000000e+03 1.222000000000000000e+03 0.000000000000000000e+00 2.730000000000000000e+03 1.333000000000000000e+03 1.794000000000000000e+03 1.382000000000000000e+03
2.853000000000000000e+03 1.370000000000000000e+03 4.005000000000000000e+03 3.733000000000000000e+03 2.875000000000000000e+03 2.468000000000000000e+03 0.000000000000000000e+00 2.093000000000000000e+03 2.231000000000000000e+03 2.896000000000000000e+03
1.393000000000000000e+03 6.930000000000000000e+02 3.725000000000000000e+03 3.454000000000000000e+03 2.451000000000000000e+03 1.130000000000000000e+03 2.051000000000000000e+03 0.000000000000000000e+00 5.470000000000000000e+02 2.611000000000000000e+03
1.144000000000000000e+03 8.610000000000000000e+02 4.908000000000000000e+03 4.161000000000000000e+03 3.372000000000000000e+03 1.682000000000000000e+03 2.220000000000000000e+03 8.630000000000000000e+02 0.000000000000000000e+00 3.260000000000000000e+03
5.334000000000000000e+03 2.668000000000000000e+03 1.770000000000000000e+03 1.498000000000000000e+03 5.630000000000000000e+02 1.159000000000000000e+03 3.256000000000000000e+03 2.641000000000000000e+03 3.058000000000000000e+03 0.000000000000000000e+00
