4.830000000000000000e+02 9.930000000000000000e+02 2.436000000000000000e+03 -1.000000000000000000e+00 9.540000000000000000e+02 3.800000000000000000e+02 1.688000000000000000e+03 7.830000000000000000e+02 2.010000000000000000e+02 4.150000000000000000e+02
7.450000000000000000e+02 3.890000000000000000e+02 2.157000000000000000e+03 -1.000000000000000000e+00 1.440000000000000000e+02 1.086000000000000000e+03 1.184000000000000000e+03 5.430000000000000000e+02 1.000000000000000000e+03 9.870000000000000000e+02
4.620000000000000000e+02 4.150000000000000000e+02 2.268000000000000000e+03 -1.000000000000000000e+00 1.390000000000000000e+02 8.290000000000000000e+02 1.521000000000000000e+03 5.910000000000000000e+02 7.430000000000000000e+02 7.300000000000000000e+02
1.033000000000000000e+03 6.530000000000000000e+02 1.550000000000000000e+03 -1.000000000000000000e+00 5.170000000000000000e+02 1.374000000000000000e+03 1.129000000000000000e+03 8.300000000000000000e+02 1.288000000000000000e+03 1.275000000000000000e+03
1.401000000000000000e+03 1.214000000000000000e+03 5.810000000000000000e+02 -1.000000000000000000e+00 1.490000000000000000e+03 1.742000000000000000e+03 6.680000000000000000e+02 1.232000000000000000e+03 1.656000000000000000e+03 1.643000000000000000e+03
1.297000000000000000e+03 9.030000000000000000e+02 1.148000000000000000e+03 -1.000000000000000000e+00 7.340000000000000000e+02 1.638000000000000000e+03 8.680000000000000000e+02 1.058000000000000000e+03 1.552000000000000000e+03 1.539000000000000000e+03
6.560000000000000000e+02 1.166000000000000000e+03 2.609000000000000000e+03 -1.000000000000000000e+00 1.013000000000000000e+03 5.530000000000000000e+02 1.861000000000000000e+03 9.560000000000000000e+02 3.740000000000000000e+02 5.880000000000000000e+02
1.078000000000000000e+03 7.100000000000000000e+02 1.185000000000000000e+03 -1.000000000000000000e+00 8.950000000000000000e+02 1.419000000000000000e+03 7.630000000000000000e+02 8.390000000000000000e+02 1.333000000000000000e+03 1.320000000000000000e+03
9.100000000000000000e+02 7.240000000000000000e+02 8.800000000000000000e+02 -1.000000000000000000e+00 8.020000000000000000e+02 1.252000000000000000e+03 4.680000000000000000e+02 7.410000000000000000e+02 1.166000000000000000e+03 1.153000000000000000e+03
9.870000000000000000e+02 6.190000000000000000e+02 1.178000000000000000e+03 -1.000000000000000000e+00 9.530000000000000000e+02 1.328000000000000000e+03 5.870000000000000000e+02 7.480000000000000000e+02 1.242000000000000000e+03 1.229000000000000000e+03
