1.240000000000000000e+03 7.800000000000000000e+02 1.153000000000000000e+03 -1.000000000000000000e+00 7.810000000000000000e+02 1.581000000000000000e+03 9.330000000000000000e+02 1.000000000000000000e+03 1.495000000000000000e+03 1.482000000000000000e+03
3.950000000000000000e+02 3.650000000000000000e+02 2.155000000000000000e+03 -1.000000000000000000e+00 3.120000000000000000e+02 7.620000000000000000e+02 1.407000000000000000e+03 3.960000000000000000e+02 6.760000000000000000e+02 6.630000000000000000e+02
1.006000000000000000e+03 5.420000000000000000e+02 1.506000000000000000e+03 -1.000000000000000000e+00 5.550000000000000000e+02 1.347000000000000000e+03 1.084000000000000000e+03 6.940000000000000000e+02 1.262000000000000000e+03 1.248000000000000000e+03
4.790000000000000000e+02 6.170000000000000000e+02 1.996000000000000000e+03 -1.000000000000000000e+00 1.008000000000000000e+03 4.680000000000000000e+02 1.249000000000000000e+03 4.520000000000000000e+02 5.430000000000000000e+02 3.070000000000000000e+02
5.070000000000000000e+02 1.017000000000000000e+03 2.459000000000000000e+03 -1.000000000000000000e+00 1.061000000000000000e+03 4.040000000000000000e+02 1.712000000000000000e+03 8.060000000000000000e+02 2.250000000000000000e+02 4.390000000000000000e+02
1.588000000000000000e+03 1.082000000000000000e+03 2.390000000000000000e+02 -1.000000000000000000e+00 1.349000000000000000e+03 1.929000000000000000e+03 3.210000000000000000e+02 1.561000000000000000e+03 1.843000000000000000e+03 1.830000000000000000e+03
1.403000000000000000e+03 8.970000000000000000e+02 5.290000000000000000e+02 -1.000000000000000000e+00 1.164000000000000000e+03 1.744000000000000000e+03 1.170000000000000000e+02 1.376000000000000000e+03 1.659000000000000000e+03 1.645000000000000000e+03
1.063000000000000000e+03 6.660000000000000000e+02 7.410000000000000000e+02 -1.000000000000000000e+00 9.330000000000000000e+02 1.404000000000000000e+03 3.280000000000000000e+02 8.940000000000000000e+02 1.318000000000000000e+03 1.305000000000000000e+03
1.270000000000000000e+03 8.100000000000000000e+02 9.960000000000000000e+02 -1.000000000000000000e+00 8.390000000000000000e+02 1.611000000000000000e+03 7.170000000000000000e+02 1.030000000000000000e+03 1.525000000000000000e+03 1.512000000000000000e+03
9.060000000000000000e+02 5.270000000000000000e+02 1.672000000000000000e+03 -1.000000000000000000e+00 3.910000000000000000e+02 1.247000000000000000e+03 1.251000000000000000e+03 7.040000000000000000e+02 1.162000000000000000e+03 1.148000000000000000e+03
