0.000000000000000000e+00 1.055000000000000000e+03 8.160000000000000000e+02 1.525000000000000000e+03 1.854000000000000000e+03 1.741000000000000000e+03 2.940000000000000000e+02 1.674000000000000000e+03 1.411000000000000000e+03 1.567000000000000000e+03
1.107000000000000000e+03 0.000000000000000000e+00 2.390000000000000000e+02 4.340000000000000000e+02 1.575000000000000000e+03 7.840000000000000000e+02 1.301000000000000000e+03 7.480000000000000000e+02 7.160000000000000000e+02 6.750000000000000000e+02
8.680000000000000000e+02 2.390000000000000000e+02 0.000000000000000000e+00 6.560000000000000000e+02 1.687000000000000000e+03 9.790000000000000000e+02 1.043000000000000000e+03 9.680000000000000000e+02 9.620000000000000000e+02 9.200000000000000000e+02
1.423000000000000000e+03 4.560000000000000000e+02 6.580000000000000000e+02 0.000000000000000000e+00 1.400000000000000000e+03 3.070000000000000000e+02 1.588000000000000000e+03 4.620000000000000000e+02 7.850000000000000000e+02 5.260000000000000000e+02
1.792000000000000000e+03 1.366000000000000000e+03 1.671000000000000000e+03 1.508000000000000000e+03 0.000000000000000000e+00 1.490000000000000000e+03 1.957000000000000000e+03 1.079000000000000000e+03 8.170000000000000000e+02 9.720000000000000000e+02
1.687000000000000000e+03 6.730000000000000000e+02 8.750000000000000000e+02 2.170000000000000000e+02 1.228000000000000000e+03 0.000000000000000000e+00 1.853000000000000000e+03 4.520000000000000000e+02 8.820000000000000000e+02 6.260000000000000000e+02
1.150000000000000000e+02 1.114000000000000000e+03 8.750000000000000000e+02 1.698000000000000000e+03 2.027000000000000000e+03 1.915000000000000000e+03 0.000000000000000000e+00 1.847000000000000000e+03 1.585000000000000000e+03 1.740000000000000000e+03
1.468000000000000000e+03 7.700000000000000000e+02 9.790000000000000000e+02 5.250000000000000000e+02 9.660000000000000000e+02 4.810000000000000000e+02 1.634000000000000000e+03 0.000000000000000000e+00 4.770000000000000000e+02 8.100000000000000000e+01
1.301000000000000000e+03 6.780000000000000000e+02 8.900000000000000000e+02 8.200000000000000000e+02 7.690000000000000000e+02 8.010000000000000000e+02 1.466000000000000000e+03 2.610000000000000000e+02 0.000000000000000000e+00 2.840000000000000000e+02
1.378000000000000000e+03 6.450000000000000000e+02 8.570000000000000000e+02 5.740000000000000000e+02 8.920000000000000000e+02 6.000000000000000000e+02 1.543000000000000000e+03 8.500000000000000000e+01 3.870000000000000000e+02 0.000000000000000000e+00
