1.039000000000000000e+03 5.340000000000000000e+02 1.222000000000000000e+03 -1.000000000000000000e+00 8.590000000000000000e+02 1.380000000000000000e+03 8.000000000000000000e+02 8.000000000000000000e+02 1.294000000000000000e+03 1.281000000000000000e+03
7.840000000000000000e+02 3.140000000000000000e+02 1.325000000000000000e+03 -1.000000000000000000e+00 3.870000000000000000e+02 1.125000000000000000e+03 9.130000000000000000e+02 5.450000000000000000e+02 1.040000000000000000e+03 1.027000000000000000e+03
4.360000000000000000e+02 9.850000000000000000e+02 2.242000000000000000e+03 -1.000000000000000000e+00 1.036000000000000000e+03 1.870000000000000000e+02 1.494000000000000000e+03 7.960000000000000000e+02 4.130000000000000000e+02 2.110000000000000000e+02
1.930000000000000000e+02 7.030000000000000000e+02 2.146000000000000000e+03 -1.000000000000000000e+00 7.920000000000000000e+02 2.740000000000000000e+02 1.398000000000000000e+03 4.930000000000000000e+02 1.860000000000000000e+02 1.730000000000000000e+02
2.920000000000000000e+02 2.590000000000000000e+02 1.963000000000000000e+03 -1.000000000000000000e+00 6.090000000000000000e+02 6.330000000000000000e+02 1.216000000000000000e+03 2.040000000000000000e+02 5.480000000000000000e+02 5.340000000000000000e+02
3.860000000000000000e+02 2.210000000000000000e+02 2.057000000000000000e+03 -1.000000000000000000e+00 6.260000000000000000e+02 7.270000000000000000e+02 1.309000000000000000e+03 9.300000000000000000e+01 6.410000000000000000e+02 6.280000000000000000e+02
7.430000000000000000e+02 5.670000000000000000e+02 1.901000000000000000e+03 -1.000000000000000000e+00 1.400000000000000000e+02 1.110000000000000000e+03 1.480000000000000000e+03 7.440000000000000000e+02 1.024000000000000000e+03 1.011000000000000000e+03
6.410000000000000000e+02 2.500000000000000000e+02 1.214000000000000000e+03 -1.000000000000000000e+00 5.720000000000000000e+02 9.820000000000000000e+02 8.020000000000000000e+02 4.020000000000000000e+02 8.960000000000000000e+02 8.830000000000000000e+02
8.130000000000000000e+02 4.390000000000000000e+02 1.090000000000000000e+03 -1.000000000000000000e+00 7.210000000000000000e+02 1.154000000000000000e+03 6.770000000000000000e+02 6.440000000000000000e+02 1.068000000000000000e+03 1.055000000000000000e+03
1.560000000000000000e+02 4.630000000000000000e+02 1.906000000000000000e+03 -1.000000000000000000e+00 6.710000000000000000e+02 4.970000000000000000e+02 1.158000000000000000e+03 1.850000000000000000e+02 4.110000000000000000e+02 3.980000000000000000e+02
