7.340000000000000000e+02 1.440000000000000000e+02 1.304000000000000000e+03 7.870000000000000000e+02 1.096000000000000000e+03 1.264000000000000000e+03 1.465000000000000000e+03 5.570000000000000000e+02 1.340000000000000000e+03 1.372000000000000000e+03
4.520000000000000000e+02 9.360000000000000000e+02 1.696000000000000000e+03 2.920000000000000000e+02 1.520000000000000000e+03 1.751000000000000000e+03 6.460000000000000000e+02 4.280000000000000000e+02 4.790000000000000000e+02 5.530000000000000000e+02
5.080000000000000000e+02 3.810000000000000000e+02 1.485000000000000000e+03 4.420000000000000000e+02 1.309000000000000000e+03 1.540000000000000000e+03 1.231000000000000000e+03 2.450000000000000000e+02 1.012000000000000000e+03 1.139000000000000000e+03
1.160000000000000000e+03 1.536000000000000000e+03 1.538000000000000000e+03 8.350000000000000000e+02 1.362000000000000000e+03 1.592000000000000000e+03 5.020000000000000000e+02 8.780000000000000000e+02 6.020000000000000000e+02 2.300000000000000000e+02
1.068000000000000000e+03 1.699000000000000000e+03 2.001000000000000000e+03 1.188000000000000000e+03 1.825000000000000000e+03 2.055000000000000000e+03 2.760000000000000000e+02 1.186000000000000000e+03 5.090000000000000000e+02 5.170000000000000000e+02
1.352000000000000000e+03 8.180000000000000000e+02 6.010000000000000000e+02 1.221000000000000000e+03 6.230000000000000000e+02 4.370000000000000000e+02 1.813000000000000000e+03 9.910000000000000000e+02 1.711000000000000000e+03 1.520000000000000000e+03
1.167000000000000000e+03 8.690000000000000000e+02 8.900000000000000000e+02 1.036000000000000000e+03 6.810000000000000000e+02 5.620000000000000000e+02 1.629000000000000000e+03 8.070000000000000000e+02 1.527000000000000000e+03 1.336000000000000000e+03
9.360000000000000000e+02 6.610000000000000000e+02 7.880000000000000000e+02 8.050000000000000000e+02 5.800000000000000000e+02 7.490000000000000000e+02 1.288000000000000000e+03 5.750000000000000000e+02 1.186000000000000000e+03 1.195000000000000000e+03
7.920000000000000000e+02 8.700000000000000000e+01 1.232000000000000000e+03 8.170000000000000000e+02 1.024000000000000000e+03 1.029000000000000000e+03 1.495000000000000000e+03 5.870000000000000000e+02 1.370000000000000000e+03 1.402000000000000000e+03
3.440000000000000000e+02 3.940000000000000000e+02 1.783000000000000000e+03 4.690000000000000000e+02 1.607000000000000000e+03 1.838000000000000000e+03 1.131000000000000000e+03 3.390000000000000000e+02 9.120000000000000000e+02 1.039000000000000000e+03
