1.630000000000000000e+03 7.920000000000000000e+02 9.210000000000000000e+02 3.680000000000000000e+02 1.149000000000000000e+03 2.840000000000000000e+02 1.795000000000000000e+03 2.660000000000000000e+02 7.560000000000000000e+02 4.010000000000000000e+02
7.860000000000000000e+02 1.750000000000000000e+02 1.730000000000000000e+02 6.530000000000000000e+02 1.573000000000000000e+03 1.003000000000000000e+03 9.510000000000000000e+02 9.660000000000000000e+02 9.110000000000000000e+02 8.700000000000000000e+02
1.397000000000000000e+03 4.290000000000000000e+02 6.380000000000000000e+02 3.450000000000000000e+02 1.362000000000000000e+03 4.480000000000000000e+02 1.562000000000000000e+03 3.740000000000000000e+02 5.940000000000000000e+02 3.740000000000000000e+02
8.990000000000000000e+02 8.820000000000000000e+02 8.780000000000000000e+02 1.195000000000000000e+03 1.415000000000000000e+03 1.645000000000000000e+03 8.860000000000000000e+02 1.235000000000000000e+03 9.720000000000000000e+02 1.128000000000000000e+03
1.180000000000000000e+02 1.235000000000000000e+03 9.220000000000000000e+02 1.548000000000000000e+03 1.878000000000000000e+03 1.765000000000000000e+03 2.300000000000000000e+02 1.698000000000000000e+03 1.435000000000000000e+03 1.591000000000000000e+03
1.979000000000000000e+03 1.225000000000000000e+03 1.436000000000000000e+03 1.235000000000000000e+03 5.060000000000000000e+02 9.540000000000000000e+02 2.144000000000000000e+03 8.980000000000000000e+02 7.650000000000000000e+02 7.770000000000000000e+02
1.794000000000000000e+03 1.040000000000000000e+03 1.251000000000000000e+03 1.089000000000000000e+03 7.350000000000000000e+02 9.920000000000000000e+02 1.959000000000000000e+03 6.710000000000000000e+02 5.810000000000000000e+02 5.920000000000000000e+02
1.454000000000000000e+03 8.090000000000000000e+02 1.020000000000000000e+03 9.510000000000000000e+02 6.330000000000000000e+02 8.480000000000000000e+02 1.619000000000000000e+03 4.370000000000000000e+02 3.490000000000000000e+02 4.150000000000000000e+02
1.660000000000000000e+03 7.920000000000000000e+02 9.800000000000000000e+02 4.260000000000000000e+02 1.077000000000000000e+03 2.010000000000000000e+02 1.825000000000000000e+03 1.850000000000000000e+02 6.760000000000000000e+02 2.690000000000000000e+02
1.297000000000000000e+03 3.290000000000000000e+02 5.310000000000000000e+02 1.460000000000000000e+02 1.661000000000000000e+03 4.600000000000000000e+02 1.462000000000000000e+03 4.970000000000000000e+02 7.530000000000000000e+02 5.410000000000000000e+02
