8.120000000000000000e+02 4.170000000000000000e+02 1.248000000000000000e+03 6.080000000000000000e+02 9.320000000000000000e+02 1.101000000000000000e+03 1.264000000000000000e+03 3.780000000000000000e+02 1.139000000000000000e+03 1.171000000000000000e+03
3.900000000000000000e+02 4.720000000000000000e+02 1.337000000000000000e+03 3.220000000000000000e+02 1.160000000000000000e+03 1.391000000000000000e+03 1.010000000000000000e+03 9.200000000000000000e+01 8.850000000000000000e+02 9.170000000000000000e+02
1.128000000000000000e+03 1.781000000000000000e+03 1.783000000000000000e+03 1.222000000000000000e+03 1.607000000000000000e+03 1.837000000000000000e+03 3.160000000000000000e+02 1.123000000000000000e+03 6.500000000000000000e+02 3.890000000000000000e+02
8.850000000000000000e+02 1.385000000000000000e+03 1.687000000000000000e+03 8.740000000000000000e+02 1.511000000000000000e+03 1.742000000000000000e+03 1.560000000000000000e+02 8.720000000000000000e+02 3.100000000000000000e+02 2.020000000000000000e+02
7.610000000000000000e+02 1.081000000000000000e+03 1.504000000000000000e+03 4.360000000000000000e+02 1.328000000000000000e+03 1.559000000000000000e+03 5.170000000000000000e+02 5.720000000000000000e+02 3.930000000000000000e+02 4.250000000000000000e+02
7.780000000000000000e+02 9.180000000000000000e+02 1.598000000000000000e+03 4.530000000000000000e+02 1.422000000000000000e+03 1.653000000000000000e+03 6.110000000000000000e+02 3.900000000000000000e+02 4.860000000000000000e+02 5.180000000000000000e+02
1.360000000000000000e+02 6.270000000000000000e+02 1.837000000000000000e+03 5.100000000000000000e+02 1.661000000000000000e+03 1.891000000000000000e+03 9.940000000000000000e+02 3.920000000000000000e+02 8.270000000000000000e+02 9.010000000000000000e+02
5.750000000000000000e+02 5.930000000000000000e+02 1.226000000000000000e+03 4.450000000000000000e+02 1.049000000000000000e+03 1.280000000000000000e+03 8.660000000000000000e+02 2.150000000000000000e+02 7.410000000000000000e+02 7.730000000000000000e+02
7.240000000000000000e+02 6.900000000000000000e+02 1.047000000000000000e+03 5.930000000000000000e+02 8.710000000000000000e+02 1.101000000000000000e+03 1.038000000000000000e+03 3.640000000000000000e+02 9.360000000000000000e+02 9.450000000000000000e+02
8.930000000000000000e+02 1.145000000000000000e+03 1.447000000000000000e+03 5.680000000000000000e+02 1.271000000000000000e+03 1.502000000000000000e+03 3.810000000000000000e+02 5.320000000000000000e+02 2.560000000000000000e+02 2.880000000000000000e+02
