4.280000000000000000e+02 7.950000000000000000e+02 5.340000000000000000e+02 1.108000000000000000e+03 1.435000000000000000e+03 1.323000000000000000e+03 5.930000000000000000e+02 1.255000000000000000e+03 9.930000000000000000e+02 1.148000000000000000e+03
8.740000000000000000e+02 4.050000000000000000e+02 4.190000000000000000e+02 6.570000000000000000e+02 1.271000000000000000e+03 8.020000000000000000e+02 1.039000000000000000e+03 7.280000000000000000e+02 5.220000000000000000e+02 5.450000000000000000e+02
2.451000000000000000e+03 2.025000000000000000e+03 2.330000000000000000e+03 1.603000000000000000e+03 5.390000000000000000e+02 1.323000000000000000e+03 2.616000000000000000e+03 1.267000000000000000e+03 1.476000000000000000e+03 1.259000000000000000e+03
-1.000000000000000000e+00 -1.000000000000000000e+00 -1.000000000000000000e+00 -1.000000000000000000e+00 -1.000000000000000000e+00 -1.000000000000000000e+00 -1.000000000000000000e+00 -1.000000000000000000e+00 -1.000000000000000000e+00 -1.000000000000000000e+00
1.008000000000000000e+03 1.690000000000000000e+02 1.410000000000000000e+02 5.270000000000000000e+02 1.721000000000000000e+03 8.400000000000000000e+02 1.183000000000000000e+03 8.500000000000000000e+02 8.180000000000000000e+02 8.500000000000000000e+02
5.970000000000000000e+02 1.142000000000000000e+03 8.740000000000000000e+02 1.455000000000000000e+03 1.785000000000000000e+03 1.672000000000000000e+03 5.830000000000000000e+02 1.605000000000000000e+03 1.342000000000000000e+03 1.498000000000000000e+03
1.922000000000000000e+03 1.168000000000000000e+03 1.380000000000000000e+03 1.217000000000000000e+03 5.150000000000000000e+02 1.120000000000000000e+03 2.088000000000000000e+03 8.000000000000000000e+02 7.090000000000000000e+02 7.210000000000000000e+02
6.600000000000000000e+02 5.260000000000000000e+02 5.340000000000000000e+02 8.390000000000000000e+02 1.359000000000000000e+03 1.041000000000000000e+03 8.250000000000000000e+02 1.178000000000000000e+03 9.160000000000000000e+02 1.071000000000000000e+03
4.710000000000000000e+02 1.016000000000000000e+03 7.480000000000000000e+02 1.329000000000000000e+03 1.659000000000000000e+03 1.546000000000000000e+03 4.580000000000000000e+02 1.479000000000000000e+03 1.216000000000000000e+03 1.372000000000000000e+03
6.500000000000000000e+02 1.039000000000000000e+03 7.760000000000000000e+02 1.353000000000000000e+03 1.708000000000000000e+03 1.938000000000000000e+03 6.370000000000000000e+02 1.528000000000000000e+03 1.265000000000000000e+03 1.421000000000000000e+03
