5.700000000000000000e+02 2.720000000000000000e+02 9.460000000000000000e+02 8.140000000000000000e+02 1.118000000000000000e+03 8.670000000000000000e+02 6.590000000000000000e+02 1.000000000000000000e+03 1.045000000000000000e+03
4.460000000000000000e+02 5.680000000000000000e+02 1.093000000000000000e+03 1.231000000000000000e+03 1.283000000000000000e+03 1.780000000000000000e+02 1.348000000000000000e+03 1.446000000000000000e+03 1.735000000000000000e+03
1.209000000000000000e+03 1.419000000000000000e+03 1.248000000000000000e+03 1.645000000000000000e+03 1.349000000000000000e+03 1.393000000000000000e+03 2.007000000000000000e+03 1.837000000000000000e+03 2.047000000000000000e+03
4.040000000000000000e+02 2.040000000000000000e+02 5.680000000000000000e+02 5.620000000000000000e+02 7.410000000000000000e+02 9.230000000000000000e+02 7.230000000000000000e+02 8.730000000000000000e+02 1.110000000000000000e+03
1.008000000000000000e+03 1.217000000000000000e+03 1.046000000000000000e+03 1.443000000000000000e+03 1.114000000000000000e+03 1.191000000000000000e+03 1.805000000000000000e+03 1.636000000000000000e+03 1.845000000000000000e+03
1.227000000000000000e+03 1.436000000000000000e+03 1.265000000000000000e+03 1.662000000000000000e+03 1.366000000000000000e+03 9.390000000000000000e+02 2.024000000000000000e+03 1.855000000000000000e+03 2.064000000000000000e+03
1.036000000000000000e+03 1.047000000000000000e+03 5.590000000000000000e+02 4.190000000000000000e+02 5.300000000000000000e+02 1.649000000000000000e+03 6.180000000000000000e+02 3.350000000000000000e+02 6.810000000000000000e+02
2.090000000000000000e+02 2.190000000000000000e+02 6.470000000000000000e+02 7.960000000000000000e+02 7.910000000000000000e+02 7.530000000000000000e+02 9.000000000000000000e+02 1.012000000000000000e+03 1.287000000000000000e+03
9.100000000000000000e+02 9.210000000000000000e+02 4.320000000000000000e+02 1.540000000000000000e+02 6.050000000000000000e+02 1.523000000000000000e+03 3.530000000000000000e+02 1.710000000000000000e+02 3.930000000000000000e+02
8.160000000000000000e+02 8.290000000000000000e+02 3.380000000000000000e+02 3.110000000000000000e+02 3.060000000000000000e+02 1.429000000000000000e+03 6.430000000000000000e+02 4.120000000000000000e+02 6.830000000000000000e+02
