3.040000000000000000e+02 5.200000000000000000e+02 1.530000000000000000e+03 1.384000000000000000e+03 1.192000000000000000e+03 9.140000000000000000e+02 6.400000000000000000e+02 6.860000000000000000e+02 7.830000000000000000e+02 1.223000000000000000e+03
8.690000000000000000e+02 5.170000000000000000e+02 7.110000000000000000e+02 5.650000000000000000e+02 2.350000000000000000e+02 4.620000000000000000e+02 4.070000000000000000e+02 5.780000000000000000e+02 8.390000000000000000e+02 4.680000000000000000e+02
2.770000000000000000e+02 2.140000000000000000e+02 1.296000000000000000e+03 1.150000000000000000e+03 8.300000000000000000e+02 6.390000000000000000e+02 4.150000000000000000e+02 3.740000000000000000e+02 4.760000000000000000e+02 9.900000000000000000e+02
1.190000000000000000e+03 9.930000000000000000e+02 3.680000000000000000e+02 4.270000000000000000e+02 4.660000000000000000e+02 6.050000000000000000e+02 1.115000000000000000e+03 7.980000000000000000e+02 7.280000000000000000e+02 4.370000000000000000e+02
1.653000000000000000e+03 1.290000000000000000e+03 4.670000000000000000e+02 3.890000000000000000e+02 7.760000000000000000e+02 1.005000000000000000e+03 1.208000000000000000e+03 1.097000000000000000e+03 1.191000000000000000e+03 6.020000000000000000e+02
9.970000000000000000e+02 9.620000000000000000e+02 1.658000000000000000e+03 1.732000000000000000e+03 1.575000000000000000e+03 1.140000000000000000e+03 1.605000000000000000e+03 9.590000000000000000e+02 1.049000000000000000e+03 1.546000000000000000e+03
7.700000000000000000e+02 7.770000000000000000e+02 1.473000000000000000e+03 1.547000000000000000e+03 1.390000000000000000e+03 9.550000000000000000e+02 1.379000000000000000e+03 7.740000000000000000e+02 8.640000000000000000e+02 1.361000000000000000e+03
5.360000000000000000e+02 5.460000000000000000e+02 1.412000000000000000e+03 1.207000000000000000e+03 1.050000000000000000e+03 7.240000000000000000e+02 8.920000000000000000e+02 5.430000000000000000e+02 5.460000000000000000e+02 1.021000000000000000e+03
3.040000000000000000e+02 5.500000000000000000e+02 1.560000000000000000e+03 1.414000000000000000e+03 1.192000000000000000e+03 9.440000000000000000e+02 6.990000000000000000e+02 7.160000000000000000e+02 8.130000000000000000e+02 1.254000000000000000e+03
4.440000000000000000e+02 3.080000000000000000e+02 1.196000000000000000e+03 1.050000000000000000e+03 7.300000000000000000e+02 6.240000000000000000e+02 2.510000000000000000e+02 4.680000000000000000e+02 6.350000000000000000e+02 8.900000000000000000e+02
