0.000000000000000000e+00 9.700000000000000000e+02 3.880000000000000000e+02 1.565000000000000000e+03 1.642000000000000000e+03 1.018000000000000000e+03 8.160000000000000000e+02 8.960000000000000000e+02 1.570000000000000000e+02 3.900000000000000000e+02
9.080000000000000000e+02 0.000000000000000000e+00 5.860000000000000000e+02 9.830000000000000000e+02 7.970000000000000000e+02 1.670000000000000000e+03 1.291000000000000000e+03 1.079000000000000000e+03 9.880000000000000000e+02 5.060000000000000000e+02
3.170000000000000000e+02 6.070000000000000000e+02 0.000000000000000000e+00 1.258000000000000000e+03 1.408000000000000000e+03 1.370000000000000000e+03 9.680000000000000000e+02 7.330000000000000000e+02 4.730000000000000000e+02 1.990000000000000000e+02
1.385000000000000000e+03 6.890000000000000000e+02 1.056000000000000000e+03 0.000000000000000000e+00 7.810000000000000000e+02 1.512000000000000000e+03 1.132000000000000000e+03 9.210000000000000000e+02 1.452000000000000000e+03 1.049000000000000000e+03
1.634000000000000000e+03 9.120000000000000000e+02 1.364000000000000000e+03 6.550000000000000000e+02 0.000000000000000000e+00 1.975000000000000000e+03 1.595000000000000000e+03 1.384000000000000000e+03 1.915000000000000000e+03 1.402000000000000000e+03
8.630000000000000000e+02 1.405000000000000000e+03 1.217000000000000000e+03 1.415000000000000000e+03 1.990000000000000000e+03 0.000000000000000000e+00 4.730000000000000000e+02 6.190000000000000000e+02 7.310000000000000000e+02 1.389000000000000000e+03
7.180000000000000000e+02 1.220000000000000000e+03 9.900000000000000000e+02 1.231000000000000000e+03 1.805000000000000000e+03 3.790000000000000000e+02 0.000000000000000000e+00 4.340000000000000000e+02 6.080000000000000000e+02 1.163000000000000000e+03
5.100000000000000000e+02 9.890000000000000000e+02 6.620000000000000000e+02 1.152000000000000000e+03 1.465000000000000000e+03 5.910000000000000000e+02 2.120000000000000000e+02 0.000000000000000000e+00 6.230000000000000000e+02 8.040000000000000000e+02
1.430000000000000000e+02 9.700000000000000000e+02 4.180000000000000000e+02 1.595000000000000000e+03 1.672000000000000000e+03 8.610000000000000000e+02 6.000000000000000000e+02 6.690000000000000000e+02 0.000000000000000000e+00 4.480000000000000000e+02
4.040000000000000000e+02 5.070000000000000000e+02 2.780000000000000000e+02 1.381000000000000000e+03 1.308000000000000000e+03 1.537000000000000000e+03 1.134000000000000000e+03 8.920000000000000000e+02 4.460000000000000000e+02 0.000000000000000000e+00
