1.430000000000000000e+03 7.330000000000000000e+02 8.230000000000000000e+02 5.740000000000000000e+02 9.850000000000000000e+02 5.010000000000000000e+02 1.595000000000000000e+03 1.170000000000000000e+02 3.560000000000000000e+02 9.700000000000000000e+01
1.175000000000000000e+03 2.800000000000000000e+02 4.890000000000000000e+02 4.050000000000000000e+02 1.214000000000000000e+03 5.390000000000000000e+02 1.340000000000000000e+03 4.650000000000000000e+02 4.450000000000000000e+02 3.730000000000000000e+02
7.700000000000000000e+02 1.226000000000000000e+03 8.970000000000000000e+02 1.590000000000000000e+03 1.660000000000000000e+03 1.891000000000000000e+03 7.560000000000000000e+02 1.480000000000000000e+03 1.217000000000000000e+03 1.373000000000000000e+03
5.430000000000000000e+02 9.220000000000000000e+02 6.530000000000000000e+02 1.235000000000000000e+03 1.564000000000000000e+03 1.452000000000000000e+03 5.290000000000000000e+02 1.384000000000000000e+03 1.121000000000000000e+03 1.277000000000000000e+03
6.830000000000000000e+02 4.840000000000000000e+02 4.920000000000000000e+02 7.970000000000000000e+02 1.382000000000000000e+03 1.147000000000000000e+03 8.480000000000000000e+02 1.201000000000000000e+03 9.390000000000000000e+02 1.094000000000000000e+03
7.770000000000000000e+02 5.010000000000000000e+02 5.080000000000000000e+02 8.140000000000000000e+02 1.475000000000000000e+03 9.850000000000000000e+02 9.420000000000000000e+02 7.350000000000000000e+02 5.990000000000000000e+02 6.830000000000000000e+02
1.148000000000000000e+03 2.680000000000000000e+02 2.810000000000000000e+02 3.790000000000000000e+02 1.714000000000000000e+03 6.930000000000000000e+02 1.323000000000000000e+03 7.300000000000000000e+02 8.060000000000000000e+02 7.690000000000000000e+02
1.031000000000000000e+03 4.480000000000000000e+02 6.600000000000000000e+02 5.900000000000000000e+02 1.103000000000000000e+03 6.590000000000000000e+02 1.197000000000000000e+03 4.100000000000000000e+02 3.340000000000000000e+02 3.570000000000000000e+02
1.203000000000000000e+03 5.970000000000000000e+02 8.080000000000000000e+02 7.390000000000000000e+02 9.240000000000000000e+02 7.560000000000000000e+02 1.369000000000000000e+03 4.540000000000000000e+02 2.080000000000000000e+02 4.770000000000000000e+02
5.470000000000000000e+02 6.160000000000000000e+02 5.330000000000000000e+02 9.290000000000000000e+02 1.324000000000000000e+03 1.212000000000000000e+03 7.120000000000000000e+02 1.144000000000000000e+03 8.820000000000000000e+02 1.037000000000000000e+03
