1.610000000000000000e+03 8.230000000000000000e+02 1.340000000000000000e+03 6.310000000000000000e+02 1.940000000000000000e+02 1.951000000000000000e+03 1.572000000000000000e+03 1.360000000000000000e+03 1.891000000000000000e+03 1.378000000000000000e+03
6.900000000000000000e+02 1.750000000000000000e+02 3.640000000000000000e+02 1.244000000000000000e+03 1.147000000000000000e+03 1.447000000000000000e+03 1.068000000000000000e+03 8.560000000000000000e+02 7.700000000000000000e+02 2.880000000000000000e+02
9.100000000000000000e+02 1.990000000000000000e+02 6.360000000000000000e+02 7.410000000000000000e+02 8.640000000000000000e+02 1.784000000000000000e+03 1.404000000000000000e+03 1.193000000000000000e+03 9.650000000000000000e+02 5.100000000000000000e+02
3.690000000000000000e+02 6.340000000000000000e+02 3.370000000000000000e+02 1.507000000000000000e+03 1.435000000000000000e+03 1.415000000000000000e+03 1.012000000000000000e+03 9.250000000000000000e+02 4.110000000000000000e+02 1.260000000000000000e+02
1.229000000000000000e+03 1.504000000000000000e+03 1.219000000000000000e+03 1.490000000000000000e+03 1.803000000000000000e+03 5.090000000000000000e+02 6.300000000000000000e+02 7.650000000000000000e+02 1.296000000000000000e+03 1.361000000000000000e+03
3.350000000000000000e+02 8.510000000000000000e+02 4.460000000000000000e+02 1.622000000000000000e+03 1.699000000000000000e+03 1.012000000000000000e+03 7.520000000000000000e+02 1.022000000000000000e+03 1.980000000000000000e+02 3.440000000000000000e+02
1.784000000000000000e+03 8.820000000000000000e+02 1.513000000000000000e+03 8.040000000000000000e+02 1.490000000000000000e+02 2.124000000000000000e+03 1.745000000000000000e+03 1.533000000000000000e+03 2.065000000000000000e+03 1.551000000000000000e+03
1.850000000000000000e+02 9.480000000000000000e+02 3.670000000000000000e+02 1.477000000000000000e+03 1.480000000000000000e+03 1.049000000000000000e+03 6.470000000000000000e+02 6.170000000000000000e+02 2.040000000000000000e+02 5.390000000000000000e+02
5.410000000000000000e+02 1.014000000000000000e+03 5.320000000000000000e+02 1.000000000000000000e+03 1.313000000000000000e+03 7.310000000000000000e+02 3.510000000000000000e+02 1.400000000000000000e+02 6.080000000000000000e+02 6.740000000000000000e+02
3.100000000000000000e+02 8.260000000000000000e+02 4.250000000000000000e+02 1.386000000000000000e+03 1.389000000000000000e+03 1.042000000000000000e+03 4.710000000000000000e+02 5.260000000000000000e+02 2.920000000000000000e+02 5.970000000000000000e+02
