5.030000000000000000e+02 6.550000000000000000e+02 1.150000000000000000e+03 1.288000000000000000e+03 1.340000000000000000e+03 2.460000000000000000e+02 1.377000000000000000e+03 1.503000000000000000e+03 1.763000000000000000e+03
6.370000000000000000e+02 3.410000000000000000e+02 4.430000000000000000e+02 4.270000000000000000e+02 6.160000000000000000e+02 1.171000000000000000e+03 4.860000000000000000e+02 6.590000000000000000e+02 8.720000000000000000e+02
2.090000000000000000e+02 2.920000000000000000e+02 8.430000000000000000e+02 9.590000000000000000e+02 1.033000000000000000e+03 5.790000000000000000e+02 1.094000000000000000e+03 1.270000000000000000e+03 1.480000000000000000e+03
9.270000000000000000e+02 8.840000000000000000e+02 3.940000000000000000e+02 5.500000000000000000e+02 1.460000000000000000e+02 1.376000000000000000e+03 9.120000000000000000e+02 7.130000000000000000e+02 9.520000000000000000e+02
1.226000000000000000e+03 1.237000000000000000e+03 7.480000000000000000e+02 5.270000000000000000e+02 9.210000000000000000e+02 1.839000000000000000e+03 5.150000000000000000e+02 2.260000000000000000e+02 4.080000000000000000e+02
8.960000000000000000e+02 1.105000000000000000e+03 1.702000000000000000e+03 1.659000000000000000e+03 1.245000000000000000e+03 6.400000000000000000e+02 2.021000000000000000e+03 1.852000000000000000e+03 2.061000000000000000e+03
7.110000000000000000e+02 9.200000000000000000e+02 1.099000000000000000e+03 1.474000000000000000e+03 1.060000000000000000e+03 5.160000000000000000e+02 1.836000000000000000e+03 1.667000000000000000e+03 1.876000000000000000e+03
4.800000000000000000e+02 6.890000000000000000e+02 7.370000000000000000e+02 1.134000000000000000e+03 9.590000000000000000e+02 5.320000000000000000e+02 1.496000000000000000e+03 1.327000000000000000e+03 1.536000000000000000e+03
5.330000000000000000e+02 6.550000000000000000e+02 1.180000000000000000e+03 1.318000000000000000e+03 1.403000000000000000e+03 8.900000000000000000e+01 1.435000000000000000e+03 1.533000000000000000e+03 1.822000000000000000e+03
4.440000000000000000e+02 1.920000000000000000e+02 8.660000000000000000e+02 8.590000000000000000e+02 1.038000000000000000e+03 5.350000000000000000e+02 9.870000000000000000e+02 1.170000000000000000e+03 1.373000000000000000e+03
