7.370000000000000000e+02 4.670000000000000000e+02 4.700000000000000000e+02 1.061000000000000000e+03 1.184000000000000000e+03 1.865000000000000000e+03 1.463000000000000000e+03 9.850000000000000000e+02 7.780000000000000000e+02 3.390000000000000000e+02
5.600000000000000000e+01 8.830000000000000000e+02 3.310000000000000000e+02 1.508000000000000000e+03 1.585000000000000000e+03 9.500000000000000000e+02 6.890000000000000000e+02 8.010000000000000000e+02 8.900000000000000000e+01 3.610000000000000000e+02
1.402000000000000000e+03 1.677000000000000000e+03 1.391000000000000000e+03 1.663000000000000000e+03 1.976000000000000000e+03 6.000000000000000000e+02 8.350000000000000000e+02 9.380000000000000000e+02 1.469000000000000000e+03 1.534000000000000000e+03
6.600000000000000000e+02 2.580000000000000000e+02 3.530000000000000000e+02 1.108000000000000000e+03 1.011000000000000000e+03 1.536000000000000000e+03 1.157000000000000000e+03 9.450000000000000000e+02 8.170000000000000000e+02 3.690000000000000000e+02
1.200000000000000000e+03 1.475000000000000000e+03 1.190000000000000000e+03 1.461000000000000000e+03 1.774000000000000000e+03 6.310000000000000000e+02 6.010000000000000000e+02 7.360000000000000000e+02 1.267000000000000000e+03 1.332000000000000000e+03
1.420000000000000000e+03 1.694000000000000000e+03 1.409000000000000000e+03 1.680000000000000000e+03 1.993000000000000000e+03 4.250000000000000000e+02 8.530000000000000000e+02 9.550000000000000000e+02 1.030000000000000000e+03 1.551000000000000000e+03
1.445000000000000000e+03 7.260000000000000000e+02 1.174000000000000000e+03 3.840000000000000000e+02 4.020000000000000000e+02 1.785000000000000000e+03 1.406000000000000000e+03 1.194000000000000000e+03 1.725000000000000000e+03 1.212000000000000000e+03
4.910000000000000000e+02 4.130000000000000000e+02 1.880000000000000000e+02 1.062000000000000000e+03 1.150000000000000000e+03 1.214000000000000000e+03 8.350000000000000000e+02 6.230000000000000000e+02 6.470000000000000000e+02 3.300000000000000000e+02
1.318000000000000000e+03 5.390000000000000000e+02 1.048000000000000000e+03 4.570000000000000000e+02 3.100000000000000000e+02 1.659000000000000000e+03 1.279000000000000000e+03 1.068000000000000000e+03 1.599000000000000000e+03 1.086000000000000000e+03
1.224000000000000000e+03 5.900000000000000000e+02 9.540000000000000000e+02 1.600000000000000000e+02 6.200000000000000000e+02 1.565000000000000000e+03 1.186000000000000000e+03 9.740000000000000000e+02 1.505000000000000000e+03 9.940000000000000000e+02
