0.000000000000000000e+00 7.260000000000000000e+02 1.876000000000000000e+03 5.490000000000000000e+02 1.700000000000000000e+03 1.931000000000000000e+03 1.033000000000000000e+03 4.320000000000000000e+02 8.660000000000000000e+02 9.400000000000000000e+02
7.060000000000000000e+02 0.000000000000000000e+00 1.321000000000000000e+03 7.300000000000000000e+02 1.113000000000000000e+03 1.119000000000000000e+03 1.408000000000000000e+03 5.000000000000000000e+02 1.283000000000000000e+03 1.315000000000000000e+03
1.665000000000000000e+03 1.553000000000000000e+03 0.000000000000000000e+00 1.585000000000000000e+03 1.940000000000000000e+02 1.740000000000000000e+02 1.799000000000000000e+03 1.305000000000000000e+03 1.697000000000000000e+03 1.706000000000000000e+03
4.560000000000000000e+02 7.250000000000000000e+02 1.562000000000000000e+03 0.000000000000000000e+00 1.386000000000000000e+03 1.616000000000000000e+03 8.340000000000000000e+02 1.950000000000000000e+02 6.140000000000000000e+02 7.410000000000000000e+02
1.464000000000000000e+03 1.351000000000000000e+03 1.980000000000000000e+02 1.383000000000000000e+03 0.000000000000000000e+00 2.290000000000000000e+02 1.597000000000000000e+03 1.104000000000000000e+03 1.495000000000000000e+03 1.504000000000000000e+03
1.683000000000000000e+03 1.570000000000000000e+03 1.640000000000000000e+02 1.602000000000000000e+03 1.860000000000000000e+02 0.000000000000000000e+00 1.816000000000000000e+03 1.323000000000000000e+03 1.715000000000000000e+03 1.724000000000000000e+03
1.009000000000000000e+03 1.509000000000000000e+03 1.811000000000000000e+03 9.980000000000000000e+02 1.635000000000000000e+03 1.866000000000000000e+03 0.000000000000000000e+00 9.960000000000000000e+02 4.010000000000000000e+02 2.460000000000000000e+02
4.640000000000000000e+02 5.550000000000000000e+02 1.465000000000000000e+03 2.300000000000000000e+02 1.289000000000000000e+03 1.520000000000000000e+03 9.730000000000000000e+02 0.000000000000000000e+00 8.480000000000000000e+02 8.800000000000000000e+02
8.210000000000000000e+02 1.383000000000000000e+03 1.685000000000000000e+03 8.720000000000000000e+02 1.509000000000000000e+03 1.739000000000000000e+03 2.520000000000000000e+02 8.700000000000000000e+02 0.000000000000000000e+00 3.360000000000000000e+02
1.105000000000000000e+03 1.289000000000000000e+03 1.591000000000000000e+03 7.800000000000000000e+02 1.415000000000000000e+03 1.646000000000000000e+03 3.390000000000000000e+02 7.760000000000000000e+02 3.630000000000000000e+02 0.000000000000000000e+00
