7.720000000000000000e+02 4.010000000000000000e+02 1.098000000000000000e+03 9.520000000000000000e+02 8.100000000000000000e+02 7.040000000000000000e+02 1.570000000000000000e+02 5.610000000000000000e+02 7.280000000000000000e+02 8.190000000000000000e+02
3.050000000000000000e+02 4.640000000000000000e+02 1.473000000000000000e+03 1.327000000000000000e+03 1.105000000000000000e+03 8.570000000000000000e+02 6.120000000000000000e+02 6.290000000000000000e+02 7.260000000000000000e+02 1.167000000000000000e+03
1.207000000000000000e+03 1.275000000000000000e+03 1.923000000000000000e+03 1.718000000000000000e+03 1.560000000000000000e+03 1.455000000000000000e+03 1.621000000000000000e+03 1.326000000000000000e+03 1.256000000000000000e+03 1.531000000000000000e+03
6.210000000000000000e+02 2.830000000000000000e+02 8.990000000000000000e+02 7.530000000000000000e+02 4.330000000000000000e+02 2.650000000000000000e+02 4.110000000000000000e+02 3.440000000000000000e+02 6.060000000000000000e+02 5.930000000000000000e+02
1.005000000000000000e+03 1.074000000000000000e+03 1.721000000000000000e+03 1.516000000000000000e+03 1.359000000000000000e+03 1.253000000000000000e+03 1.420000000000000000e+03 1.125000000000000000e+03 9.180000000000000000e+02 1.330000000000000000e+03
1.224000000000000000e+03 1.293000000000000000e+03 1.940000000000000000e+03 1.735000000000000000e+03 1.578000000000000000e+03 1.472000000000000000e+03 1.639000000000000000e+03 1.344000000000000000e+03 1.273000000000000000e+03 1.549000000000000000e+03
1.463000000000000000e+03 1.101000000000000000e+03 2.030000000000000000e+02 1.990000000000000000e+02 5.870000000000000000e+02 8.150000000000000000e+02 1.064000000000000000e+03 9.080000000000000000e+02 1.001000000000000000e+03 4.120000000000000000e+02
4.510000000000000000e+02 1.150000000000000000e+02 1.038000000000000000e+03 8.920000000000000000e+02 6.360000000000000000e+02 3.770000000000000000e+02 4.200000000000000000e+02 1.500000000000000000e+02 4.110000000000000000e+02 7.320000000000000000e+02
1.337000000000000000e+03 9.740000000000000000e+02 4.840000000000000000e+02 1.980000000000000000e+02 3.240000000000000000e+02 6.890000000000000000e+02 8.760000000000000000e+02 7.810000000000000000e+02 8.750000000000000000e+02 2.750000000000000000e+02
1.243000000000000000e+03 8.810000000000000000e+02 2.460000000000000000e+02 2.710000000000000000e+02 3.670000000000000000e+02 5.950000000000000000e+02 1.061000000000000000e+03 6.880000000000000000e+02 7.810000000000000000e+02 1.880000000000000000e+02
