1.191000000000000000e+03 5.570000000000000000e+02 9.210000000000000000e+02 3.110000000000000000e+02 4.390000000000000000e+02 1.532000000000000000e+03 1.153000000000000000e+03 9.410000000000000000e+02 1.472000000000000000e+03 9.610000000000000000e+02
6.700000000000000000e+02 3.920000000000000000e+02 3.680000000000000000e+02 9.910000000000000000e+02 8.850000000000000000e+02 1.368000000000000000e+03 9.890000000000000000e+02 7.770000000000000000e+02 8.270000000000000000e+02 5.100000000000000000e+02
1.232000000000000000e+03 2.163000000000000000e+03 1.585000000000000000e+03 2.150000000000000000e+03 2.462000000000000000e+03 2.650000000000000000e+02 8.090000000000000000e+02 1.424000000000000000e+03 1.100000000000000000e+03 1.758000000000000000e+03
-1.000000000000000000e+00 -1.000000000000000000e+00 -1.000000000000000000e+00 -1.000000000000000000e+00 -1.000000000000000000e+00 -1.000000000000000000e+00 -1.000000000000000000e+00 -1.000000000000000000e+00 -1.000000000000000000e+00 -1.000000000000000000e+00
7.920000000000000000e+02 3.720000000000000000e+02 4.430000000000000000e+02 8.820000000000000000e+02 1.005000000000000000e+03 1.846000000000000000e+03 1.170000000000000000e+03 9.580000000000000000e+02 8.260000000000000000e+02 3.800000000000000000e+02
1.541000000000000000e+03 8.230000000000000000e+02 1.271000000000000000e+03 5.080000000000000000e+02 4.790000000000000000e+02 1.882000000000000000e+03 1.502000000000000000e+03 1.291000000000000000e+03 1.822000000000000000e+03 1.309000000000000000e+03
8.460000000000000000e+02 1.349000000000000000e+03 1.118000000000000000e+03 1.359000000000000000e+03 1.934000000000000000e+03 2.630000000000000000e+02 2.810000000000000000e+02 5.630000000000000000e+02 7.360000000000000000e+02 1.291000000000000000e+03
9.100000000000000000e+02 3.670000000000000000e+02 6.070000000000000000e+02 7.680000000000000000e+02 6.710000000000000000e+02 1.455000000000000000e+03 1.076000000000000000e+03 8.640000000000000000e+02 1.067000000000000000e+03 6.920000000000000000e+02
1.415000000000000000e+03 6.970000000000000000e+02 1.145000000000000000e+03 4.300000000000000000e+02 3.530000000000000000e+02 1.756000000000000000e+03 1.376000000000000000e+03 1.165000000000000000e+03 1.696000000000000000e+03 1.183000000000000000e+03
1.678000000000000000e+03 8.020000000000000000e+02 1.168000000000000000e+03 3.200000000000000000e+02 5.320000000000000000e+02 1.805000000000000000e+03 1.426000000000000000e+03 1.214000000000000000e+03 1.745000000000000000e+03 1.206000000000000000e+03
