1.071000000000000000e+03 3.070000000000000000e+02 3.200000000000000000e+02 4.790000000000000000e+02 1.753000000000000000e+03 7.930000000000000000e+02 1.246000000000000000e+03 8.290000000000000000e+02 8.460000000000000000e+02 8.690000000000000000e+02
1.573000000000000000e+03 7.050000000000000000e+02 8.930000000000000000e+02 3.390000000000000000e+02 1.166000000000000000e+03 2.160000000000000000e+02 1.739000000000000000e+03 2.950000000000000000e+02 6.610000000000000000e+02 4.020000000000000000e+02
1.964000000000000000e+03 1.538000000000000000e+03 1.843000000000000000e+03 1.680000000000000000e+03 2.230000000000000000e+02 1.662000000000000000e+03 2.129000000000000000e+03 1.252000000000000000e+03 9.890000000000000000e+02 1.145000000000000000e+03
9.990000000000000000e+02 2.170000000000000000e+02 2.680000000000000000e+02 5.160000000000000000e+02 1.439000000000000000e+03 7.910000000000000000e+02 1.165000000000000000e+03 7.180000000000000000e+02 6.780000000000000000e+02 6.370000000000000000e+02
1.763000000000000000e+03 1.337000000000000000e+03 1.642000000000000000e+03 1.479000000000000000e+03 1.220000000000000000e+02 1.461000000000000000e+03 1.928000000000000000e+03 1.050000000000000000e+03 7.880000000000000000e+02 9.430000000000000000e+02
1.982000000000000000e+03 1.556000000000000000e+03 1.861000000000000000e+03 1.698000000000000000e+03 1.080000000000000000e+02 1.680000000000000000e+03 2.147000000000000000e+03 1.269000000000000000e+03 1.007000000000000000e+03 1.162000000000000000e+03
5.210000000000000000e+02 1.046000000000000000e+03 7.780000000000000000e+02 1.359000000000000000e+03 1.688000000000000000e+03 1.576000000000000000e+03 5.070000000000000000e+02 1.508000000000000000e+03 1.246000000000000000e+03 1.401000000000000000e+03
1.139000000000000000e+03 2.330000000000000000e+02 4.450000000000000000e+02 4.770000000000000000e+02 1.342000000000000000e+03 6.220000000000000000e+02 1.304000000000000000e+03 5.480000000000000000e+02 4.840000000000000000e+02 4.420000000000000000e+02
2.980000000000000000e+02 9.190000000000000000e+02 5.900000000000000000e+02 1.232000000000000000e+03 1.562000000000000000e+03 1.449000000000000000e+03 4.080000000000000000e+02 1.382000000000000000e+03 1.119000000000000000e+03 1.275000000000000000e+03
7.390000000000000000e+02 8.280000000000000000e+02 7.060000000000000000e+02 1.141000000000000000e+03 1.468000000000000000e+03 1.356000000000000000e+03 7.250000000000000000e+02 1.288000000000000000e+03 1.026000000000000000e+03 1.181000000000000000e+03
