7.820000000000000000e+02 6.070000000000000000e+02 2.001000000000000000e+03 -1.000000000000000000e+00 1.800000000000000000e+02 1.149000000000000000e+03 1.579000000000000000e+03 7.840000000000000000e+02 1.063000000000000000e+03 1.050000000000000000e+03
1.183000000000000000e+03 7.230000000000000000e+02 1.085000000000000000e+03 -1.000000000000000000e+00 7.520000000000000000e+02 1.524000000000000000e+03 8.060000000000000000e+02 9.430000000000000000e+02 1.438000000000000000e+03 1.425000000000000000e+03
1.574000000000000000e+03 1.387000000000000000e+03 6.720000000000000000e+02 -1.000000000000000000e+00 1.662000000000000000e+03 1.915000000000000000e+03 7.590000000000000000e+02 1.404000000000000000e+03 1.829000000000000000e+03 1.816000000000000000e+03
6.090000000000000000e+02 1.680000000000000000e+02 2.021000000000000000e+03 -1.000000000000000000e+00 3.040000000000000000e+02 9.500000000000000000e+02 1.273000000000000000e+03 3.160000000000000000e+02 8.640000000000000000e+02 8.510000000000000000e+02
1.372000000000000000e+03 1.185000000000000000e+03 7.040000000000000000e+02 -1.000000000000000000e+00 1.461000000000000000e+03 1.713000000000000000e+03 7.170000000000000000e+02 1.203000000000000000e+03 1.627000000000000000e+03 1.614000000000000000e+03
1.591000000000000000e+03 1.404000000000000000e+03 4.980000000000000000e+02 -1.000000000000000000e+00 1.680000000000000000e+03 1.932000000000000000e+03 5.850000000000000000e+02 1.422000000000000000e+03 1.846000000000000000e+03 1.833000000000000000e+03
3.170000000000000000e+02 8.270000000000000000e+02 2.270000000000000000e+03 -1.000000000000000000e+00 9.160000000000000000e+02 1.400000000000000000e+02 1.522000000000000000e+03 6.170000000000000000e+02 1.330000000000000000e+02 1.770000000000000000e+02
7.480000000000000000e+02 2.430000000000000000e+02 1.924000000000000000e+03 -1.000000000000000000e+00 3.920000000000000000e+02 1.089000000000000000e+03 9.510000000000000000e+02 5.090000000000000000e+02 1.003000000000000000e+03 9.900000000000000000e+02
1.910000000000000000e+02 7.010000000000000000e+02 2.143000000000000000e+03 -1.000000000000000000e+00 7.290000000000000000e+02 4.190000000000000000e+02 1.396000000000000000e+03 4.900000000000000000e+02 2.010000000000000000e+02 4.130000000000000000e+02
2.100000000000000000e+02 6.070000000000000000e+02 2.050000000000000000e+03 -1.000000000000000000e+00 8.450000000000000000e+02 3.460000000000000000e+02 1.302000000000000000e+03 3.970000000000000000e+02 3.820000000000000000e+02 1.850000000000000000e+02
