1.202000000000000000e+03 1.213000000000000000e+03 7.240000000000000000e+02 5.030000000000000000e+02 8.970000000000000000e+02 1.815000000000000000e+03 4.080000000000000000e+02 1.710000000000000000e+02 3.790000000000000000e+02
4.640000000000000000e+02 1.390000000000000000e+02 7.040000000000000000e+02 6.980000000000000000e+02 8.770000000000000000e+02 9.530000000000000000e+02 6.940000000000000000e+02 1.009000000000000000e+03 1.081000000000000000e+03
6.870000000000000000e+02 3.630000000000000000e+02 6.740000000000000000e+02 4.940000000000000000e+02 8.470000000000000000e+02 1.173000000000000000e+03 4.550000000000000000e+02 7.960000000000000000e+02 8.420000000000000000e+02
5.040000000000000000e+02 3.190000000000000000e+02 9.920000000000000000e+02 9.860000000000000000e+02 1.165000000000000000e+03 5.000000000000000000e+02 1.113000000000000000e+03 1.296000000000000000e+03 1.500000000000000000e+03
1.037000000000000000e+03 1.246000000000000000e+03 1.075000000000000000e+03 1.472000000000000000e+03 1.143000000000000000e+03 1.022000000000000000e+03 1.834000000000000000e+03 1.665000000000000000e+03 1.874000000000000000e+03
5.600000000000000000e+02 5.360000000000000000e+02 1.207000000000000000e+03 1.203000000000000000e+03 1.397000000000000000e+03 2.330000000000000000e+02 1.330000000000000000e+03 1.561000000000000000e+03 1.717000000000000000e+03
1.375000000000000000e+03 1.386000000000000000e+03 8.980000000000000000e+02 6.760000000000000000e+02 1.070000000000000000e+03 1.988000000000000000e+03 4.670000000000000000e+02 2.090000000000000000e+02 2.300000000000000000e+02
3.230000000000000000e+02 6.330000000000000000e+02 1.062000000000000000e+03 1.126000000000000000e+03 1.206000000000000000e+03 2.350000000000000000e+02 1.434000000000000000e+03 1.342000000000000000e+03 1.821000000000000000e+03
3.490000000000000000e+02 5.590000000000000000e+02 5.850000000000000000e+02 9.820000000000000000e+02 7.290000000000000000e+02 5.320000000000000000e+02 1.344000000000000000e+03 1.174000000000000000e+03 1.384000000000000000e+03
3.010000000000000000e+02 5.260000000000000000e+02 9.710000000000000000e+02 1.035000000000000000e+03 1.115000000000000000e+03 3.310000000000000000e+02 1.312000000000000000e+03 1.251000000000000000e+03 1.460000000000000000e+03
