0.000000000000000000e+00 5.740000000000000000e+02 2.017000000000000000e+03 -1.000000000000000000e+00 6.720000000000000000e+02 3.620000000000000000e+02 1.269000000000000000e+03 3.660000000000000000e+02 2.760000000000000000e+02 2.630000000000000000e+02
4.830000000000000000e+02 0.000000000000000000e+00 1.853000000000000000e+03 -1.000000000000000000e+00 5.630000000000000000e+02 8.240000000000000000e+02 1.105000000000000000e+03 1.900000000000000000e+02 7.380000000000000000e+02 7.250000000000000000e+02
2.060000000000000000e+03 1.873000000000000000e+03 0.000000000000000000e+00 -1.000000000000000000e+00 2.149000000000000000e+03 2.401000000000000000e+03 6.550000000000000000e+02 1.891000000000000000e+03 2.316000000000000000e+03 2.302000000000000000e+03
-1.000000000000000000e+00 -1.000000000000000000e+00 -1.000000000000000000e+00 0.000000000000000000e+00 -1.000000000000000000e+00 -1.000000000000000000e+00 -1.000000000000000000e+00 -1.000000000000000000e+00 -1.000000000000000000e+00 -1.000000000000000000e+00
6.020000000000000000e+02 4.710000000000000000e+02 1.982000000000000000e+03 -1.000000000000000000e+00 0.000000000000000000e+00 9.690000000000000000e+02 1.286000000000000000e+03 6.470000000000000000e+02 8.840000000000000000e+02 8.710000000000000000e+02
4.140000000000000000e+02 9.240000000000000000e+02 2.366000000000000000e+03 -1.000000000000000000e+00 1.013000000000000000e+03 0.000000000000000000e+00 1.619000000000000000e+03 7.130000000000000000e+02 2.410000000000000000e+02 2.430000000000000000e+02
1.532000000000000000e+03 1.026000000000000000e+03 4.120000000000000000e+02 -1.000000000000000000e+00 1.292000000000000000e+03 1.873000000000000000e+03 0.000000000000000000e+00 1.504000000000000000e+03 1.787000000000000000e+03 1.774000000000000000e+03
2.690000000000000000e+02 2.730000000000000000e+02 1.940000000000000000e+03 -1.000000000000000000e+00 6.510000000000000000e+02 6.100000000000000000e+02 1.193000000000000000e+03 0.000000000000000000e+00 5.250000000000000000e+02 5.110000000000000000e+02
2.880000000000000000e+02 7.980000000000000000e+02 2.240000000000000000e+03 -1.000000000000000000e+00 8.870000000000000000e+02 1.790000000000000000e+02 1.493000000000000000e+03 5.870000000000000000e+02 0.000000000000000000e+00 2.170000000000000000e+02
3.160000000000000000e+02 8.210000000000000000e+02 2.290000000000000000e+03 -1.000000000000000000e+00 9.150000000000000000e+02 2.320000000000000000e+02 1.542000000000000000e+03 6.110000000000000000e+02 2.940000000000000000e+02 0.000000000000000000e+00
