9.610000000000000000e+02 1.675000000000000000e+03 1.977000000000000000e+03 1.164000000000000000e+03 1.801000000000000000e+03 2.031000000000000000e+03 2.520000000000000000e+02 1.162000000000000000e+03 3.890000000000000000e+02 4.930000000000000000e+02
2.960000000000000000e+02 7.180000000000000000e+02 1.698000000000000000e+03 2.890000000000000000e+02 1.522000000000000000e+03 1.753000000000000000e+03 9.700000000000000000e+02 2.330000000000000000e+02 7.500000000000000000e+02 8.770000000000000000e+02
3.300000000000000000e+02 9.130000000000000000e+02 1.810000000000000000e+03 3.420000000000000000e+02 1.633000000000000000e+03 1.864000000000000000e+03 7.130000000000000000e+02 4.780000000000000000e+02 5.460000000000000000e+02 6.200000000000000000e+02
4.700000000000000000e+02 3.590000000000000000e+02 1.910000000000000000e+03 5.960000000000000000e+02 1.347000000000000000e+03 1.515000000000000000e+03 1.258000000000000000e+03 4.650000000000000000e+02 1.038000000000000000e+03 1.165000000000000000e+03
1.493000000000000000e+03 1.380000000000000000e+03 2.110000000000000000e+02 1.412000000000000000e+03 1.190000000000000000e+02 1.150000000000000000e+02 1.626000000000000000e+03 1.133000000000000000e+03 1.524000000000000000e+03 1.533000000000000000e+03
6.880000000000000000e+02 2.790000000000000000e+02 1.383000000000000000e+03 8.030000000000000000e+02 1.175000000000000000e+03 1.181000000000000000e+03 1.522000000000000000e+03 6.140000000000000000e+02 1.255000000000000000e+03 1.429000000000000000e+03
1.020000000000000000e+03 1.848000000000000000e+03 2.150000000000000000e+03 1.337000000000000000e+03 1.974000000000000000e+03 2.205000000000000000e+03 4.250000000000000000e+02 1.335000000000000000e+03 6.580000000000000000e+02 6.660000000000000000e+02
8.490000000000000000e+02 3.360000000000000000e+02 1.121000000000000000e+03 7.650000000000000000e+02 9.130000000000000000e+02 1.081000000000000000e+03 1.303000000000000000e+03 5.350000000000000000e+02 1.178000000000000000e+03 1.210000000000000000e+03
8.050000000000000000e+02 6.920000000000000000e+02 8.920000000000000000e+02 6.750000000000000000e+02 7.150000000000000000e+02 9.460000000000000000e+02 1.136000000000000000e+03 4.450000000000000000e+02 1.034000000000000000e+03 1.043000000000000000e+03
9.070000000000000000e+02 4.240000000000000000e+02 1.047000000000000000e+03 6.420000000000000000e+02 8.390000000000000000e+02 1.008000000000000000e+03 1.212000000000000000e+03 4.120000000000000000e+02 1.087000000000000000e+03 1.119000000000000000e+03
