0.000000000000000000e+00 3.490000000000000000e+02 1.329000000000000000e+03 1.183000000000000000e+03 1.015000000000000000e+03 6.680000000000000000e+02 7.180000000000000000e+02 4.410000000000000000e+02 4.690000000000000000e+02 1.023000000000000000e+03
3.680000000000000000e+02 0.000000000000000000e+00 1.075000000000000000e+03 9.280000000000000000e+02 6.810000000000000000e+02 4.480000000000000000e+02 3.460000000000000000e+02 2.210000000000000000e+02 3.280000000000000000e+02 7.680000000000000000e+02
1.435000000000000000e+03 1.238000000000000000e+03 0.000000000000000000e+00 4.680000000000000000e+02 7.010000000000000000e+02 9.500000000000000000e+02 1.183000000000000000e+03 1.044000000000000000e+03 9.730000000000000000e+02 5.260000000000000000e+02
1.339000000000000000e+03 9.770000000000000000e+02 3.050000000000000000e+02 0.000000000000000000e+00 4.630000000000000000e+02 6.910000000000000000e+02 9.400000000000000000e+02 7.840000000000000000e+02 8.770000000000000000e+02 2.880000000000000000e+02
1.013000000000000000e+03 6.610000000000000000e+02 5.820000000000000000e+02 4.360000000000000000e+02 0.000000000000000000e+00 2.660000000000000000e+02 7.170000000000000000e+02 4.470000000000000000e+02 6.940000000000000000e+02 2.760000000000000000e+02
6.770000000000000000e+02 4.950000000000000000e+02 6.760000000000000000e+02 5.300000000000000000e+02 3.500000000000000000e+02 0.000000000000000000e+00 7.330000000000000000e+02 3.170000000000000000e+02 5.180000000000000000e+02 3.700000000000000000e+02
6.720000000000000000e+02 3.610000000000000000e+02 1.059000000000000000e+03 9.130000000000000000e+02 7.700000000000000000e+02 6.650000000000000000e+02 0.000000000000000000e+00 5.210000000000000000e+02 6.890000000000000000e+02 7.790000000000000000e+02
3.510000000000000000e+02 1.850000000000000000e+02 9.310000000000000000e+02 7.850000000000000000e+02 6.050000000000000000e+02 3.260000000000000000e+02 5.310000000000000000e+02 0.000000000000000000e+00 2.380000000000000000e+02 6.250000000000000000e+02
3.820000000000000000e+02 3.340000000000000000e+02 1.162000000000000000e+03 9.570000000000000000e+02 8.000000000000000000e+02 4.970000000000000000e+02 6.800000000000000000e+02 3.160000000000000000e+02 0.000000000000000000e+00 7.710000000000000000e+02
1.099000000000000000e+03 6.370000000000000000e+02 4.460000000000000000e+02 3.000000000000000000e+02 1.260000000000000000e+02 3.700000000000000000e+02 8.490000000000000000e+02 5.440000000000000000e+02 6.370000000000000000e+02 0.000000000000000000e+00
