2.670000000000000000e+02 5.960000000000000000e+02 9.410000000000000000e+02 1.087000000000000000e+03 1.085000000000000000e+03 3.570000000000000000e+02 1.398000000000000000e+03 1.303000000000000000e+03 1.784000000000000000e+03
1.690000000000000000e+02 1.430000000000000000e+02 7.180000000000000000e+02 8.320000000000000000e+02 8.850000000000000000e+02 6.700000000000000000e+02 9.450000000000000000e+02 1.048000000000000000e+03 1.331000000000000000e+03
1.172000000000000000e+03 1.228000000000000000e+03 6.390000000000000000e+02 5.010000000000000000e+02 5.780000000000000000e+02 1.621000000000000000e+03 8.670000000000000000e+02 5.840000000000000000e+02 9.300000000000000000e+02
9.120000000000000000e+02 9.230000000000000000e+02 4.340000000000000000e+02 2.580000000000000000e+02 6.070000000000000000e+02 1.525000000000000000e+03 6.400000000000000000e+02 3.570000000000000000e+02 7.030000000000000000e+02
5.660000000000000000e+02 4.850000000000000000e+02 2.520000000000000000e+02 3.400000000000000000e+02 4.240000000000000000e+02 1.342000000000000000e+03 6.300000000000000000e+02 5.560000000000000000e+02 7.650000000000000000e+02
4.450000000000000000e+02 5.020000000000000000e+02 3.450000000000000000e+02 4.340000000000000000e+02 5.180000000000000000e+02 9.750000000000000000e+02 8.190000000000000000e+02 6.500000000000000000e+02 8.590000000000000000e+02
5.300000000000000000e+02 2.330000000000000000e+02 9.060000000000000000e+02 7.750000000000000000e+02 1.079000000000000000e+03 7.680000000000000000e+02 7.360000000000000000e+02 1.077000000000000000e+03 1.123000000000000000e+03
1.190000000000000000e+02 3.280000000000000000e+02 5.400000000000000000e+02 6.890000000000000000e+02 6.840000000000000000e+02 6.500000000000000000e+02 1.115000000000000000e+03 9.050000000000000000e+02 1.114000000000000000e+03
2.680000000000000000e+02 4.770000000000000000e+02 4.870000000000000000e+02 8.840000000000000000e+02 7.170000000000000000e+02 7.250000000000000000e+02 1.246000000000000000e+03 1.077000000000000000e+03 1.286000000000000000e+03
6.720000000000000000e+02 6.170000000000000000e+02 1.950000000000000000e+02 2.040000000000000000e+02 3.670000000000000000e+02 1.285000000000000000e+03 5.890000000000000000e+02 4.200000000000000000e+02 6.290000000000000000e+02
