7.830000000000000000e+02 7.960000000000000000e+02 3.060000000000000000e+02 1.380000000000000000e+02 4.780000000000000000e+02 1.396000000000000000e+03 4.700000000000000000e+02 3.010000000000000000e+02 5.100000000000000000e+02
3.070000000000000000e+02 3.910000000000000000e+02 4.430000000000000000e+02 5.310000000000000000e+02 6.150000000000000000e+02 9.330000000000000000e+02 8.620000000000000000e+02 7.470000000000000000e+02 9.560000000000000000e+02
1.696000000000000000e+03 1.905000000000000000e+03 1.734000000000000000e+03 2.131000000000000000e+03 1.682000000000000000e+03 1.009000000000000000e+03 2.493000000000000000e+03 2.324000000000000000e+03 2.533000000000000000e+03
-1.000000000000000000e+00 -1.000000000000000000e+00 -1.000000000000000000e+00 -1.000000000000000000e+00 -1.000000000000000000e+00 -1.000000000000000000e+00 -1.000000000000000000e+00 -1.000000000000000000e+00 -1.000000000000000000e+00
5.430000000000000000e+02 2.450000000000000000e+02 8.090000000000000000e+02 6.340000000000000000e+02 9.820000000000000000e+02 1.055000000000000000e+03 5.960000000000000000e+02 9.370000000000000000e+02 9.830000000000000000e+02
1.132000000000000000e+03 1.144000000000000000e+03 6.550000000000000000e+02 4.960000000000000000e+02 6.540000000000000000e+02 1.746000000000000000e+03 6.950000000000000000e+02 4.110000000000000000e+02 7.580000000000000000e+02
8.400000000000000000e+02 1.049000000000000000e+03 1.228000000000000000e+03 1.603000000000000000e+03 1.189000000000000000e+03 6.450000000000000000e+02 1.965000000000000000e+03 1.795000000000000000e+03 2.005000000000000000e+03
7.060000000000000000e+02 5.270000000000000000e+02 2.290000000000000000e+02 3.170000000000000000e+02 4.010000000000000000e+02 1.319000000000000000e+03 7.020000000000000000e+02 5.330000000000000000e+02 7.420000000000000000e+02
1.007000000000000000e+03 1.018000000000000000e+03 5.290000000000000000e+02 3.700000000000000000e+02 7.020000000000000000e+02 1.620000000000000000e+03 5.690000000000000000e+02 2.850000000000000000e+02 6.320000000000000000e+02
1.030000000000000000e+03 1.041000000000000000e+03 5.520000000000000000e+02 3.810000000000000000e+02 4.660000000000000000e+02 1.669000000000000000e+03 7.480000000000000000e+02 4.650000000000000000e+02 8.110000000000000000e+02
