1.210000000000000000e+03 8.480000000000000000e+02 3.950000000000000000e+02 1.650000000000000000e+02 3.340000000000000000e+02 5.620000000000000000e+02 8.200000000000000000e+02 6.550000000000000000e+02 7.480000000000000000e+02 1.590000000000000000e+02
6.310000000000000000e+02 2.950000000000000000e+02 7.730000000000000000e+02 6.270000000000000000e+02 4.470000000000000000e+02 9.700000000000000000e+01 6.310000000000000000e+02 1.880000000000000000e+02 4.390000000000000000e+02 4.670000000000000000e+02
1.366000000000000000e+03 1.762000000000000000e+03 2.409000000000000000e+03 2.204000000000000000e+03 2.047000000000000000e+03 1.941000000000000000e+03 1.974000000000000000e+03 1.813000000000000000e+03 1.486000000000000000e+03 2.018000000000000000e+03
-1.000000000000000000e+00 -1.000000000000000000e+00 -1.000000000000000000e+00 -1.000000000000000000e+00 -1.000000000000000000e+00 -1.000000000000000000e+00 -1.000000000000000000e+00 -1.000000000000000000e+00 -1.000000000000000000e+00 -1.000000000000000000e+00
7.530000000000000000e+02 3.730000000000000000e+02 9.180000000000000000e+02 7.720000000000000000e+02 5.430000000000000000e+02 5.680000000000000000e+02 1.470000000000000000e+02 5.280000000000000000e+02 7.900000000000000000e+02 6.390000000000000000e+02
1.560000000000000000e+03 1.197000000000000000e+03 1.890000000000000000e+02 2.960000000000000000e+02 6.830000000000000000e+02 9.120000000000000000e+02 1.160000000000000000e+03 1.004000000000000000e+03 1.098000000000000000e+03 5.090000000000000000e+02
8.990000000000000000e+02 9.060000000000000000e+02 1.602000000000000000e+03 1.676000000000000000e+03 1.518000000000000000e+03 1.084000000000000000e+03 1.507000000000000000e+03 9.020000000000000000e+02 9.930000000000000000e+02 1.490000000000000000e+03
8.700000000000000000e+02 5.340000000000000000e+02 5.590000000000000000e+02 4.130000000000000000e+02 2.330000000000000000e+02 3.050000000000000000e+02 7.590000000000000000e+02 5.780000000000000000e+02 6.710000000000000000e+02 2.530000000000000000e+02
1.434000000000000000e+03 1.071000000000000000e+03 2.420000000000000000e+02 1.700000000000000000e+02 5.570000000000000000e+02 7.860000000000000000e+02 1.034000000000000000e+03 8.780000000000000000e+02 9.720000000000000000e+02 3.830000000000000000e+02
1.483000000000000000e+03 1.094000000000000000e+03 1.320000000000000000e+02 3.070000000000000000e+02 5.810000000000000000e+02 8.090000000000000000e+02 1.062000000000000000e+03 9.010000000000000000e+02 1.021000000000000000e+03 4.060000000000000000e+02
