1.629000000000000000e+03 1.266000000000000000e+03 4.430000000000000000e+02 3.650000000000000000e+02 7.530000000000000000e+02 9.810000000000000000e+02 1.102000000000000000e+03 1.073000000000000000e+03 1.167000000000000000e+03 5.780000000000000000e+02
6.500000000000000000e+02 2.950000000000000000e+02 1.035000000000000000e+03 8.890000000000000000e+02 5.690000000000000000e+02 4.860000000000000000e+02 2.510000000000000000e+02 3.830000000000000000e+02 6.440000000000000000e+02 7.290000000000000000e+02
8.710000000000000000e+02 5.670000000000000000e+02 7.780000000000000000e+02 6.320000000000000000e+02 4.030000000000000000e+02 5.130000000000000000e+02 2.860000000000000000e+02 6.280000000000000000e+02 8.900000000000000000e+02 4.990000000000000000e+02
4.290000000000000000e+02 4.340000000000000000e+02 1.323000000000000000e+03 1.177000000000000000e+03 8.560000000000000000e+02 7.510000000000000000e+02 3.770000000000000000e+02 5.940000000000000000e+02 7.620000000000000000e+02 1.017000000000000000e+03
1.034000000000000000e+03 1.103000000000000000e+03 1.750000000000000000e+03 1.545000000000000000e+03 1.388000000000000000e+03 1.282000000000000000e+03 1.449000000000000000e+03 1.154000000000000000e+03 9.470000000000000000e+02 1.359000000000000000e+03
4.190000000000000000e+02 5.780000000000000000e+02 1.587000000000000000e+03 1.441000000000000000e+03 1.074000000000000000e+03 9.710000000000000000e+02 5.940000000000000000e+02 7.430000000000000000e+02 8.400000000000000000e+02 1.281000000000000000e+03
1.802000000000000000e+03 1.440000000000000000e+03 6.160000000000000000e+02 5.380000000000000000e+02 9.260000000000000000e+02 1.154000000000000000e+03 1.161000000000000000e+03 1.247000000000000000e+03 1.340000000000000000e+03 7.510000000000000000e+02
1.320000000000000000e+02 4.990000000000000000e+02 1.368000000000000000e+03 1.222000000000000000e+03 1.171000000000000000e+03 7.680000000000000000e+02 7.550000000000000000e+02 4.960000000000000000e+02 5.900000000000000000e+02 1.062000000000000000e+03
3.470000000000000000e+02 4.150000000000000000e+02 1.260000000000000000e+03 1.055000000000000000e+03 8.970000000000000000e+02 7.920000000000000000e+02 7.610000000000000000e+02 4.120000000000000000e+02 5.930000000000000000e+02 8.680000000000000000e+02
2.050000000000000000e+02 3.830000000000000000e+02 1.277000000000000000e+03 1.131000000000000000e+03 9.510000000000000000e+02 6.770000000000000000e+02 8.130000000000000000e+02 4.960000000000000000e+02 4.990000000000000000e+02 9.710000000000000000e+02
